0	0	0	0	0	0	0	0	0	0	0	0	0	0	0	0	0	0	0	0	0	0	0	0	0	0	0	0	0	0	0	0	0	0	0	0	0	0	0	0	0	0	0	0	0	0	0	0	0	0	0	0	0	0	0	0	0	0	0	0	0	0	0	0	0	0	0	0	0	0	0	0	0	0	0	0	0	0	0	0	0	0	0	0	0	0	0	0	0	0	0	0	0	0	0	0	0	0	0	0	0	0	0	0	0	0	0	0	0	0	0	0	0	0	0	0	0	0	0	0	0	0	0	0	0	0	0	0	0	0	0	0	0	0	0	0	0	0	0	0	0	0	0	0	0	0	0	0	0	0	0	0	0	0	0	0	0	0	0	0	0	0
0	0	0	0	0	0	0	0	0	0	0	0	0	0	0	0	0	0	0	0	0	0	0	0	0	0	0	0	0	0	0	0	0	0	0	0	0	0	0	0	0	0	0	0	0	0	0	0	0	0	0	0	0	0	0	0	0	0	0	0	0	0	0	0	0	0	0	0	0	0	0	0	0	0	0	0	0	0	0	0	0	0	0	0	0	0	0	0	0	0	0	0	0	0	0	0	0	0	0	0	0	0	0	0	0	0	0	0	0	0	0	0	0	0	0	0	0	0	0	0	0	0	0	0	0	0	0	0	0	0	0	0	0	0	0	0	0	0	0	0	0	0	0	0	0	0	0	0	0	0	0	0	0	0	0	0	0	0	0	0	0	0
0	0	0	0	0	0	0	0	0	0	0	0	0	0	0	0	0	0	0	0	0	0	0	0	0	0	0	0	0	0	0	0	0	0	0	0	0	0	0	0	0	0	0	0	0	0	0	0	0	0	0	0	0	0	0	0	0	0	0	0	0	0	0	0	0	0	0	0	0	0	0	0	0	0	0	0	0	0	0	0	0	0	0	0	0	0	0	0	0	0	0	0	0	0	0	0	0	0	0	0	0	0	0	0	0	0	0	0	0	0	0	0	0	0	0	0	0	0	0	0	0	0	0	0	0	0	0	0	0	0	0	0	0	0	0	0	0	0	0	0	0	0	0	0	0	0	0	0	0	0	0	0	0	0	0	0	0	0	0	0	0	0
0	0	0	0	0	0	0	0	0	0	0	0	0	0	0	0	0	0	0	0	0	0	0	0	0	0	0	0	0	0	0	0	0	0	0	0	0	0	0	0	0	0	0	0	0	0	0	0	0	0	0	0.000	3.088	0.000	0.000	4.077	19.545	0.000	0.000	0.000	0.000	0.000	8.848	18.516	1.305	0.000	0.000	10.273	0.000	0	0	0	0	0	0	0	0	0	0	0	0	0	0	0	0	0	0	0	0	0	0	0	0	0	0	0	0	0	0	0	0	0	0	0	0	0	0	0	0	0	0	0	0	0	0	0	0	0	0	0	0	0	0	0	0	0	0	0	0	0	0	0	0	0	0	0	0	0	0	0	0	0	0	0	0	0	0	0	0	0	0	0	0	0	0	0	0	0	0	0	0	0
0	0	0	0	0	0	0	0	0	0	0	0	0	0	0	0	0	0	0	0	0	0	0	0	0	0	0	0	0	0	0	0	0	0	0	0	0	0	0	0	0	0	0	0	0	0	0	0.000	0.000	0.000	8.590	9.942	0.000	2.645	11.767	0.000	13.861	4.426	9.384	0.000	27.432	8.606	2.647	26.872	17.275	13.478	0.000	3.144	21.103	11.491	0	0	0	0	0	0	0	0.000	0.000	9.952	12.537	0.000	0.000	0.000	0.000	0.000	0.000	0	0	0	0	0	0	0	0	0	0	0	0	0	0	0	0	0	0	0	0	0	0	0	0	0	0	0	0	0	0	0	0	0	0	0	0	0	0	0	0	0	0	0	0	0	0	0	0	0	0	0	0	0	0	0	0	0	0	0	0	0	0	0	0	0	0	0	0	0	0	0	0	0	0	0
0	0	0	0	0	0	0	0	0	0	0	0	0	0	0	0	0	0	0	0	0	0	0	0	0	0	0	0	0	0	0	0	0	0	0	0	0	0.000	0.000	0.000	0.000	0.000	0.000	2.392	0.000	2.952	7.120	15.079	0.000	10.747	17.611	13.206	9.729	0.000	3.348	13.113	3.788	0.000	3.599	0.000	1.151	39.091	638.499	201.553	9.878	0.000	0.675	3.058	8.080	21.022	18.555	16.864	0	0	0	0	0.000	44.872	4.643	0.000	21.890	14.196	21.466	22.841	6.865	16.751	15.518	0.000	0.000	0.000	0.000	0.000	0	0	0	0	0	0	0	0	0	0	0	0	0	0	0	0	0	0	0	0	0	0	0	0	0	0	0	0	0	0	0	0	0	0	0	0	0	0	0	0	0	0	0	0	0	0	0	0	0	0	0	0	0	0	0	0	0	0	0	0	0	0	0	0	0	0	0	0	0	0
0	0	0	0	0	0	0	0	0	0	0	0	0	0	0	0	0	0	0	0	0	0	0	0	0	0	0	0	0	0	0	0	0.000	0.000	0.000	0.000	2.277	17.105	17.131	25.838	4.253	0.000	14.122	0.000	10.032	9.815	0.000	3.325	5.366	3.953	8.757	0.000	7.180	0.000	0.000	0.000	0.000	0.860	5.801	8.416	0.000	59.386	1193.670	951.751	0.000	13.759	0.000	0.000	11.207	4.387	0.000	18.006	0.000	0	0	0	1.312	0.000	9.800	29.895	5.259	0.847	0.000	11.698	1.304	25.783	4.904	8.090	0.000	9.912	18.727	0.000	0.000	2.218	13.003	0.000	0.000	0	0	0	0	0	0	0	0	0	0	0	0	0	0	0	0	0	0	0	0	0	0	0	0	0	0	0	0	0	0	0	0	0	0	0	0	0	0	0	0	0	0	0	0	0	0	0	0	0	0	0	0	0	0	0	0	0	0	0	0	0	0	0	0	0
0	0	0	0	0	0	0	0	0	0	0	0	0	0	0	0	0	0	0	0	0	0	0	0	0	0	0	0	0.000	25.019	0.000	0.000	24.248	4.096	0.934	1.321	2.424	0.000	0.000	19.628	0.000	14.190	0.000	0.000	0.000	0.000	0.000	0.851	0.000	0.000	4.040	5.315	2.296	12.244	0.000	8.673	0.000	0.000	0.000	0.000	0.000	0.000	10.035	2.558	0.000	17.405	2.304	3.021	9.592	3.306	0.000	36.567	18.584	0.000	0.000	0.000	11.596	8.433	3.530	14.196	46.511	11.214	1.291	0.000	0.000	0.000	10.825	0.000	0.000	16.632	19.255	0.000	2.820	2.666	28.566	14.533	6.777	9.080	0.000	0.000	6.720	0.000	0.000	0	0	0	0	0	0	0	0	0	0	0	0	0	0	0	0	0	0	0	0	0	0	0	0	0	0	0	0	0	0	0	0	0	0	0	0	0	0	0	0	0	0	0	0	0	0	0	0	0	0	0	0	0	0	0	0	0	0	0
0	0	0	0	0	0	0	0	0	0	0	0	0	0	0	0	0	0	0	0	0	0	0	0	0	0.000	0.000	0.000	0.000	0.000	0.000	5.831	0.000	0.000	0.000	0.000	0.000	0.000	12.835	0.000	0.000	11.547	16.868	0.000	7.650	0.000	24.269	0.000	10.598	0.000	15.720	0.000	0.000	13.524	0.000	0.994	0.908	0.000	7.620	2.886	0.000	0.000	5.643	6.008	12.700	3.592	0.000	0.860	7.254	1.248	4.934	6.247	0.000	8.060	4.782	59.888	19.981	2.937	18.039	14.668	0.000	0.000	0.000	7.772	12.822	0.000	14.982	0.000	0.000	28.506	1.974	0.000	0.000	19.080	11.559	17.392	0.000	16.035	0.000	0.000	7.858	0.000	17.416	19.646	0.000	0.000	0	0	0	0	0	0	0	0	0	0	0	0	0	0	0	0	0	0	0	0	0	0	0	0	0	0	0	0	0	0	0	0	0	0	0	0	0	0	0	0	0	0	0	0	0	0	0	0	0	0	0	0	0	0	0	0
0	0	0	0	0	0	0	0	0	0	0	0	0	0	0	0	0	0	0	0	0	0	0.000	0.000	38.164	3.583	18.772	5.747	13.066	5.600	5.455	0.000	7.489	0.000	0.000	0.000	5.447	12.732	13.005	8.741	0.000	0.000	0.000	6.178	0.000	0.000	13.360	0.000	12.602	3.823	0.000	6.188	7.894	14.230	7.194	10.667	9.396	25.275	0.000	2.580	0.000	0.000	11.724	0.000	6.505	4.420	1.158	14.887	0.000	0.000	0.000	7.140	7.453	24.248	8.745	25.457	1.258	19.103	0.000	8.900	10.651	0.000	0.000	0.000	0.000	0.000	14.528	1.179	17.933	0.000	0.000	1.369	0.000	0.000	0.000	0.000	0.000	14.247	0.000	33.955	9.947	0.000	0.987	0.000	0.000	3.911	8.160	12.286	0.000	0.000	0.000	0	0	0	0	0	0	0	0	0	0	0	0	0	0	0	0	0	0	0	0	0	0	0	0	0	0	0	0	0	0	0	0	0	0	0	0	0	0	0	0	0	0	0	0	0	0	0	0	0	0	0
0	0	0	0	0	0	0	0	0	0	0	0	0	0	0	0	0	0	0	0	0	0.000	0.000	0.000	0.983	20.127	8.371	0.000	15.204	0.000	4.923	0.000	0.000	0.000	0.000	0.000	0.000	3.692	0.000	0.000	0.000	6.744	16.848	2.584	0.000	13.615	0.000	0.000	6.749	26.896	0.000	0.000	14.580	0.000	0.000	0.000	8.291	3.572	19.667	0.000	6.549	0.000	0.000	1.050	0.000	17.843	3.105	0.000	0.000	5.896	0.000	17.968	0.000	5.005	0.000	0.000	0.000	3.290	0.000	0.000	2.124	0.000	12.561	1.990	0.000	2.605	1.168	1.932	7.860	0.000	0.000	0.000	0.000	2.642	17.882	7.787	0.000	4.016	7.650	9.242	0.000	1.587	0.000	0.000	0.000	8.159	4.799	6.612	6.610	0.000	0.000	17.439	0.000	0.000	0	0	0	0	0	0	0	0	0	0	0	0	0	0	0	0	0	0	0	0	0	0	0	0	0	0	0	0	0	0	0	0	0	0	0	0	0	0	0	0	0	0	0	0	0	0	0	0
0	0	0	0	0	0	0	0	0	0	0	0	0	0	0	0	0	0	0	0	0.000	0.000	0.000	8.001	0.000	0.000	1.351	11.394	3.788	0.942	8.694	0.000	0.000	4.645	0.000	2.586	0.000	10.958	5.165	20.099	25.132	0.000	0.000	2.782	0.000	0.000	5.284	0.000	0.000	0.000	0.000	0.000	0.000	0.000	0.000	21.895	3.591	12.547	0.000	8.335	0.000	2.286	0.000	11.659	6.214	19.029	0.000	0.000	0.000	2.409	0.000	8.278	16.259	4.420	0.000	4.685	10.432	3.871	0.000	11.230	1.257	0.000	0.000	0.000	0.000	0.000	6.127	0.000	9.985	0.000	15.229	17.214	8.964	0.000	0.000	8.004	5.869	5.466	14.370	16.584	0.000	0.000	0.747	0.000	4.309	0.000	10.689	0.000	18.039	0.000	0.000	0.000	16.657	0.000	0.000	0.000	0.000	0.000	0	0	0	0	0	0	0	0	0	0	0	0	0	0	0	0	0	0	0	0	0	0	0	0	0	0	0	0	0	0	0	0	0	0	0	0	0	0	0	0	0	0	0	0
0	0	0	0	0	0	0	0	0	0	0	0	0	0	0	0	0	0	0	0.000	0.000	0.000	0.000	4.086	5.706	0.000	0.000	0.000	18.282	14.845	16.416	0.000	1.456	0.000	0.000	0.000	17.301	0.000	7.645	0.000	23.326	7.581	0.000	13.821	1.092	0.000	0.000	8.031	0.000	0.000	17.231	23.691	0.000	0.000	6.213	0.000	0.884	0.000	0.000	0.000	0.000	0.000	0.000	1.897	0.000	0.000	3.859	0.000	0.000	0.000	0.000	0.000	11.053	0.000	0.000	0.000	6.534	0.000	0.000	0.000	10.176	11.520	0.000	14.171	0.000	19.849	0.000	0.000	7.060	0.000	13.001	2.471	4.549	0.000	0.000	0.000	20.094	19.930	29.337	0.000	7.188	0.000	0.000	12.530	0.806	0.000	0.000	0.000	0.000	0.000	20.947	4.093	8.816	0.000	8.176	0.000	0.000	13.537	0.939	0.000	0.000	0	0	0	0	0	0	0	0	0	0	0	0	0	0	0	0	0	0	0	0	0	0	0	0	0	0	0	0	0	0	0	0	0	0	0	0	0	0	0	0	0
0	0	0	0	0	0	0	0	0	0	0	0	0	0	0	0	0	0	0.000	0.000	0.000	0.000	0.000	0.000	14.447	0.000	0.000	3.959	0.000	10.359	0.000	9.376	0.000	0.000	0.000	0.000	0.000	10.945	21.208	12.218	0.000	6.309	0.000	1.404	0.000	0.729	0.000	3.254	15.767	0.000	28.124	8.882	14.202	0.000	2.610	11.613	0.000	0.000	23.867	0.000	2.506	2.434	0.000	0.000	0.000	4.237	0.000	0.000	0.000	1.219	0.000	0.000	0.000	1.387	34.882	2.421	5.076	25.098	21.139	0.000	9.067	18.611	0.000	0.000	0.000	8.722	0.000	20.518	0.000	0.000	4.007	4.407	13.005	0.000	0.000	0.000	0.000	0.000	4.831	0.000	48.078	27.517	0.000	16.323	12.101	33.386	0.000	0.000	3.071	11.590	0.000	0.000	0.000	0.000	0.000	28.803	18.587	0.000	18.949	10.018	18.016	5.683	0.000	0.000	0	0	0	0	0	0	0	0	0	0	0	0	0	0	0	0	0	0	0	0	0	0	0	0	0	0	0	0	0	0	0	0	0	0	0	0	0	0
0	0	0	0	0	0	0	0	0	0	0	0	0	0	0	0	0	0.000	0.000	0.000	1.167	0.000	2.169	0.000	10.323	10.757	22.280	2.172	24.349	0.000	0.000	5.728	5.407	1.308	6.836	0.000	0.000	0.000	0.000	0.000	0.000	13.616	26.003	0.000	7.887	33.588	0.000	0.000	0.000	0.000	0.000	16.718	19.866	14.847	10.708	0.000	0.000	5.697	13.513	0.000	0.000	0.000	1.294	12.303	0.000	1.299	0.000	7.051	0.000	0.000	9.061	19.728	0.000	0.000	3.884	1.950	2.103	0.000	8.634	5.770	0.000	5.710	0.000	6.517	0.000	6.759	0.000	0.000	0.000	23.525	0.952	24.541	0.000	4.172	0.000	24.867	0.000	0.000	1.346	0.000	26.508	23.267	0.000	0.000	17.745	13.100	10.875	11.081	2.513	3.618	2.836	18.573	0.000	0.000	4.922	0.000	1.970	5.443	5.513	6.106	17.998	13.880	7.552	0.764	10.857	0.000	0.000	0	0	0	0	0	0	0	0	0	0	0	0	0	0	0	0	0	0	0	0	0	0	0	0	0	0	0	0	0	0	0	0	0	0	0
0	0	0	0	0	0	0	0	0	0	0	0	0	0	0	0	0.000	0.000	0.000	0.000	7.641	0.000	5.583	0.000	3.347	0.000	12.261	0.000	0.000	0.000	14.056	0.000	0.000	3.292	2.093	0.000	0.000	14.613	16.694	3.663	28.710	15.239	0.000	14.794	18.272	0.000	4.954	1.714	13.319	0.000	10.516	0.000	16.051	4.617	24.252	0.000	0.000	7.090	31.177	16.544	34.473	0.000	0.000	0.000	8.373	15.227	0.000	0.000	0.000	6.758	8.710	6.598	6.482	0.000	0.000	10.158	4.581	7.362	16.293	21.783	0.000	0.000	11.035	7.729	0.000	0.000	0.000	0.000	2.009	3.329	0.000	23.416	12.894	4.328	0.000	10.663	10.114	6.305	14.039	14.033	0.000	13.446	15.389	0.000	9.221	0.000	0.000	9.414	0.000	0.000	8.020	0.000	0.000	0.000	5.336	21.340	21.196	31.099	0.000	5.826	0.000	0.000	0.000	8.465	0.000	0.000	0.000	0.000	0.000	0.000	0	0	0	0	0	0	0	0	0	0	0	0	0	0	0	0	0	0	0	0	0	0	0	0	0	0	0	0	0	0	0	0
0	0	0	0	0	0	0	0	0	0	0	0	0	0	0	0.000	0.000	0.000	0.000	6.576	0.000	5.092	2.091	0.000	4.179	0.000	0.000	13.736	0.000	0.000	0.000	16.476	0.000	5.999	12.333	1.007	0.000	4.934	2.469	17.766	0.000	2.113	22.946	0.000	0.000	26.568	0.000	2.097	0.000	12.711	0.000	23.013	10.469	15.079	0.000	5.144	12.009	0.000	0.000	7.981	0.000	0.000	0.000	0.000	0.000	4.178	0.000	0.000	0.000	16.802	1.339	26.296	14.249	0.000	10.169	0.000	17.265	7.717	8.958	12.572	4.518	8.907	0.000	5.084	0.000	6.455	0.000	0.000	0.000	0.000	11.932	6.531	0.000	0.000	23.646	1.067	0.883	8.265	19.338	39.193	10.089	7.476	18.394	0.000	14.665	0.000	0.000	0.000	7.360	0.000	0.000	0.000	0.000	9.058	3.288	2.254	0.000	6.898	6.301	0.000	0.000	8.389	0.000	3.409	0.000	2.318	10.552	0.000	11.123	8.818	15.406	0.000	0.000	0	0	0	0	0	0	0	0	0	0	0	0	0	0	0	0	0	0	0	0	0	0	0	0	0	0	0	0	0
0	0	0	0	0	0	0	0	0	0	0	0	0	0	0.000	0.000	0.000	2.103	17.332	10.304	17.603	8.753	3.473	0.000	0.000	0.000	0.000	0.000	8.945	12.809	9.057	0.000	0.000	0.000	9.249	15.968	13.361	19.345	0.000	4.459	12.303	2.329	0.803	0.000	2.431	0.000	0.780	9.658	9.751	6.922	0.000	0.000	0.000	0.000	8.752	3.210	21.332	0.000	8.289	12.728	0.000	0.000	14.385	0.000	0.000	0.000	28.866	0.000	17.834	0.000	0.000	0.000	0.000	8.716	18.426	0.000	9.433	0.000	11.472	24.039	0.000	0.000	0.000	21.494	12.217	0.000	0.000	0.000	7.092	0.000	0.000	5.512	0.000	1.380	0.000	0.000	0.000	0.000	0.931	0.000	10.409	0.000	0.000	0.000	4.919	0.000	0.000	0.000	0.000	13.029	6.170	0.000	8.600	13.776	29.239	18.836	17.238	0.000	0.000	0.000	0.000	0.000	0.000	4.542	0.000	17.304	9.320	7.149	12.136	4.048	4.562	50.591	45.104	42.037	76.859	0.000	0	0	0	0	0	0	0	0	0	0	0	0	0	0	0	0	0	0	0	0	0	0	0	0	0	0
0	0	0	0	0	0	0	0	0	0	0	0	0	0	0.000	0.000	4.732	0.000	15.202	19.802	0.000	2.986	18.225	3.810	10.620	1.454	6.898	15.909	0.000	0.000	0.000	13.528	0.000	18.861	4.868	0.000	0.000	4.979	18.549	8.078	0.893	0.000	2.161	0.702	0.000	21.072	4.911	0.000	0.000	0.000	0.000	0.000	0.000	4.734	0.000	0.000	0.000	0.000	0.000	9.938	0.000	0.000	0.000	1.957	0.000	0.000	0.000	10.288	0.786	0.000	0.000	0.988	5.519	7.896	13.516	4.113	0.000	2.297	0.918	16.417	1.005	21.534	0.000	2.645	0.000	0.000	0.000	4.867	0.000	7.339	0.000	0.000	0.000	0.000	0.000	23.273	0.000	2.607	8.332	8.163	0.000	7.008	0.000	5.845	3.683	5.685	0.000	8.707	8.428	9.516	0.000	9.312	11.550	17.735	33.592	5.864	0.000	3.337	27.435	15.818	3.353	4.984	2.447	3.336	12.104	8.202	0.000	0.000	12.116	13.914	59.650	33.589	0.000	4.351	10.359	20.287	0.000	0.000	0.000	0.000	0	0	0	0	0	0	0	0	0	0	0	0	0	0	0	0	0	0	0	0	0	0
0	0	0	0	0	0	0	0	0	0	0	0	0	0.000	3.117	8.621	10.443	0.000	8.467	8.321	14.696	10.656	0.000	13.517	8.124	18.784	0.000	10.032	0.000	0.000	0.000	3.839	0.000	0.000	0.000	0.000	0.000	7.125	0.000	0.831	4.195	0.000	0.000	0.000	0.000	0.000	0.000	0.000	0.000	0.000	0.000	0.000	0.000	0.000	0.000	9.708	0.000	0.000	0.000	0.000	0.000	0.000	0.000	0.000	0.000	0.000	4.789	0.000	0.000	0.000	19.887	0.000	0.000	0.000	5.112	0.000	12.416	5.090	7.289	3.532	0.000	0.000	0.000	5.888	11.613	0.000	0.000	3.148	0.000	0.000	0.000	8.776	11.773	5.819	0.000	0.000	4.155	0.000	0.000	0.000	4.606	0.000	4.337	3.950	13.086	0.000	0.000	13.541	14.619	1.625	0.000	12.282	0.000	0.000	10.403	0.000	0.000	1.251	2.545	0.000	6.336	19.955	4.063	0.000	9.100	15.792	0.000	0.000	15.080	0.000	10.461	5.969	0.000	9.137	13.197	38.279	32.924	24.476	0.828	18.317	22.662	0.000	0	0	0	0	0	0	0	0	0	0	0	0	0	0	0	0	0	0	0	0
0	0	0	0	0	0	0	0	0	0	0	0	0	8.817	0.000	2.385	2.784	0.000	14.827	2.903	9.368	0.000	0.000	0.000	18.399	0.000	2.417	0.000	0.000	0.000	0.000	12.617	0.000	0.000	0.000	0.000	0.000	4.161	8.174	0.000	0.000	0.000	0.000	0.000	0.000	0.000	0.593	5.422	0.000	0.000	0.000	0.000	0.000	0.000	1.060	0.000	0.000	0.000	0.000	0.000	0.000	0.000	0.000	0.000	4.749	0.000	10.557	0.000	0.000	0.000	0.000	2.355	14.173	16.417	8.822	0.000	14.841	0.000	18.735	0.000	0.000	0.000	8.998	0.858	9.630	0.000	1.956	0.000	0.000	0.000	0.000	3.590	5.446	8.184	0.000	0.000	0.000	0.000	0.000	0.000	0.000	0.000	0.000	7.248	11.373	0.000	0.000	0.000	14.948	6.749	10.515	0.000	11.251	0.813	20.660	18.689	7.528	0.000	23.667	0.000	20.047	3.394	0.000	0.000	0.000	0.000	0.000	4.258	15.935	5.026	0.000	0.000	0.000	18.729	19.708	28.375	19.072	3.261	21.122	23.317	18.556	41.178	43.126	0.000	0.000	0	0	0	0	0	0	0	0	0	0	0	0	0	0	0	0	0
0	0	0	0	0	0	0	0	0	0	0	0	0.000	6.137	25.711	0.000	0.000	0.000	15.962	0.000	3.801	7.326	9.950	7.495	0.000	0.000	12.634	7.885	2.460	0.000	0.000	16.220	0.000	7.161	0.000	0.000	0.000	0.000	0.000	0.000	0.000	6.454	0.000	0.000	0.000	0.000	0.000	5.551	0.000	2.587	0.000	3.762	7.946	17.455	0.772	31.572	26.613	0.000	10.618	0.000	0.000	0.000	0.000	0.000	0.000	7.052	0.000	0.000	1.917	0.000	10.536	0.000	26.672	13.201	13.142	27.921	23.939	0.000	9.328	0.000	0.000	13.626	8.601	0.000	0.000	8.392	1.833	0.000	0.000	0.000	0.000	0.000	0.000	0.000	0.000	0.000	0.000	0.000	0.000	0.000	0.000	0.000	0.000	0.000	0.000	0.000	11.287	0.000	1.064	3.048	0.000	0.000	8.840	0.000	4.509	0.000	1.547	5.538	0.000	7.777	3.741	3.057	0.000	12.356	0.000	11.762	4.069	2.322	0.000	0.000	9.306	27.359	23.614	0.839	9.395	0.000	11.164	1.997	1.225	24.608	5.794	16.786	34.158	8.898	20.146	12.920	0.000	0	0	0	0	0	0	0	0	0	0	0	0	0	0	0
0	0	0	0	0	0	0	0	0	0	0	0	0.000	18.011	0.000	0.000	0.000	1.469	8.983	19.437	0.000	12.807	12.918	0.000	0.000	17.924	0.000	0.000	5.831	0.000	0.000	12.266	0.000	0.000	0.000	3.737	0.000	0.000	0.000	0.000	6.381	0.000	0.000	0.000	16.285	0.000	3.733	15.842	0.000	0.000	0.000	0.000	1.449	2.677	32.052	0.000	0.000	3.586	21.281	7.080	10.385	0.000	3.111	0.000	0.000	0.000	0.000	0.876	0.000	0.000	0.000	0.000	10.864	21.626	10.141	7.126	29.085	14.237	7.975	20.252	17.722	14.553	0.000	0.000	0.000	8.920	3.720	0.000	0.000	0.000	0.000	0.000	0.000	0.616	2.175	0.000	0.000	3.827	2.099	0.000	0.000	0.000	0.000	0.596	0.000	0.000	0.000	0.000	0.602	2.706	1.671	21.273	12.843	15.148	0.000	8.947	3.707	25.721	2.671	0.000	27.473	0.000	0.000	0.903	2.042	0.761	0.000	0.000	0.859	0.775	0.000	0.000	2.251	15.438	13.792	7.945	12.876	26.259	23.226	0.000	9.161	12.767	25.866	3.020	9.605	7.845	12.910	4.543	0.000	0	0	0	0	0	0	0	0	0	0	0	0	0
0	0	0	0	0	0	0	0	0	0	0	0.000	41.427	9.882	1.803	0.000	0.000	0.000	0.000	10.029	7.119	11.263	0.000	0.000	0.000	23.207	0.000	7.120	21.063	0.000	0.000	0.000	6.752	3.842	0.000	0.000	0.000	0.000	0.000	0.000	0.000	0.000	5.117	2.639	4.683	11.828	6.233	2.560	21.678	2.300	14.429	9.513	4.186	22.011	13.964	13.323	0.000	3.037	20.038	0.000	0.000	2.766	29.147	18.834	0.000	0.000	0.000	0.000	0.000	8.575	0.000	4.456	0.000	0.000	0.000	5.095	0.000	0.000	9.208	2.747	9.688	0.000	6.361	5.039	0.000	0.000	0.000	0.000	0.000	0.000	0.000	0.000	9.831	22.260	5.221	0.000	11.977	12.328	12.958	5.811	27.256	0.000	8.863	0.000	0.000	0.000	0.000	0.000	0.000	0.000	0.000	10.761	0.000	0.000	11.456	0.000	1.604	9.309	3.514	0.000	11.200	0.000	6.206	0.000	16.288	14.620	0.000	13.524	22.242	0.000	0.000	0.000	0.000	11.279	8.254	9.112	17.900	20.202	0.000	0.000	15.578	12.056	0.000	0.000	12.635	13.136	0.000	7.758	0.774	34.564	45.333	58.522	0	0	0	0	0	0	0	0	0	0
0	0	0	0	0	0	0	0	0	0	0	15.816	9.701	11.951	10.955	0.000	0.000	0.000	0.000	2.421	0.000	0.000	0.000	3.441	0.847	0.000	9.005	12.879	12.902	0.754	1.180	0.000	0.000	8.554	0.000	0.000	2.568	0.000	2.015	0.000	3.684	24.489	11.033	0.000	0.000	0.000	0.000	0.000	0.000	0.000	11.405	17.683	6.260	0.000	14.766	1.300	0.000	0.807	13.561	9.455	0.000	25.302	0.000	15.066	17.219	7.572	5.447	0.000	0.000	0.000	0.000	0.000	0.000	0.000	0.000	0.000	0.000	0.000	0.000	0.000	0.000	0.000	0.000	0.000	0.000	0.000	0.000	0.000	0.000	0.000	1.293	0.000	17.807	18.668	7.597	19.280	27.218	2.906	0.993	9.657	0.000	4.597	14.131	0.000	16.134	8.613	0.000	0.000	0.000	0.000	0.000	0.000	2.775	0.620	0.000	0.000	2.912	20.440	0.000	15.565	1.238	18.914	14.349	10.192	2.649	6.585	0.000	0.000	8.175	8.176	8.473	0.000	0.000	0.000	5.777	3.174	17.818	71.165	0.000	10.547	16.968	13.153	13.002	11.822	6.081	2.871	18.230	23.609	35.163	30.745	43.089	165.450	175.787	0	0	0	0	0	0	0	0	0
0	0	0	0	0	0	0	0	0	0	0.000	0.000	13.166	0.000	26.537	0.000	0.000	0.000	0.000	17.298	11.041	0.000	14.059	26.211	15.448	7.717	0.000	0.000	0.000	0.000	12.306	0.000	0.000	0.952	0.000	0.000	0.000	5.738	18.819	12.150	27.555	5.433	10.664	0.000	0.000	3.154	0.000	0.000	4.055	12.373	0.000	14.176	14.413	0.000	6.617	0.931	0.000	0.000	0.000	9.708	0.000	19.199	0.000	12.469	13.841	6.929	0.000	0.000	0.000	3.952	0.000	20.714	0.000	0.000	0.939	7.753	0.000	0.000	0.000	0.000	0.000	0.000	0.000	0.000	6.237	0.000	0.000	0.000	0.000	7.770	32.159	12.020	2.688	7.874	10.555	0.000	19.387	5.295	0.000	7.523	14.016	17.649	3.130	16.040	0.000	0.000	0.000	0.000	0.000	4.306	10.131	0.000	7.916	0.982	0.000	0.000	0.000	7.672	1.039	0.000	0.000	0.000	2.246	0.000	7.935	0.000	0.000	0.000	5.255	0.000	41.223	0.000	0.000	0.000	3.933	18.880	7.031	0.000	0.000	0.000	0.000	3.592	0.000	13.820	3.673	0.000	4.447	11.616	24.829	49.380	57.184	103.986	183.674	0	0	0	0	0	0	0	0	0
0	0	0	0	0	0	0	0	0	0	0.000	8.899	29.734	0.985	0.000	0.000	6.877	0.000	0.000	0.000	2.372	0.000	0.000	0.000	21.277	0.000	20.066	0.000	18.817	0.000	0.000	5.290	0.000	0.000	0.000	0.000	0.000	13.851	7.060	0.000	0.000	11.250	16.846	16.799	0.000	0.000	0.000	10.704	0.000	12.786	21.196	0.883	0.000	3.567	0.000	2.456	0.000	12.220	0.000	0.000	12.236	0.000	2.300	0.000	0.000	13.233	28.239	0.000	0.000	0.000	0.000	0.000	0.000	3.615	0.000	0.000	10.824	0.000	0.000	0.000	0.000	0.000	0.000	0.000	1.971	0.000	0.000	0.000	0.000	0.000	0.000	22.702	12.137	14.965	9.237	14.688	15.091	17.849	0.000	17.718	13.537	9.201	6.531	10.226	0.000	0.000	0.000	0.000	8.400	0.000	0.000	0.000	0.000	0.000	1.563	2.691	0.000	0.000	4.910	23.881	12.925	0.000	21.994	3.657	0.000	0.000	3.786	7.458	21.729	33.443	26.485	0.000	0.000	15.334	9.453	3.948	0.000	8.322	7.683	1.943	0.000	0.000	4.250	0.000	0.000	12.285	0.000	0.819	9.991	18.741	29.297	74.794	152.114	116.306	0	0	0	0	0	0	0	0
0	0	0	0	0	0	0	0	0	0	29.652	7.294	18.861	0.000	5.884	0.000	0.000	0.000	0.000	0.000	0.000	0.000	8.150	6.877	9.759	2.923	0.000	0.000	3.330	0.000	0.000	0.000	0.000	0.999	0.000	0.000	0.000	13.124	13.009	8.965	0.000	20.137	0.000	0.000	0.000	36.131	0.000	0.742	0.000	11.176	0.000	3.530	0.000	0.000	26.816	0.000	1.303	0.000	12.914	0.000	32.367	1.541	0.000	0.000	5.329	0.000	10.263	8.780	0.000	0.000	0.000	0.000	0.000	0.000	0.000	5.966	4.701	0.000	0.000	0.000	0.000	10.707	0.000	0.000	1.800	0.000	0.000	0.000	4.116	35.214	30.649	9.168	0.000	3.124	16.004	2.940	0.000	13.358	0.000	4.369	8.864	0.000	0.000	5.445	12.710	14.377	14.688	0.000	8.208	0.000	11.396	7.233	32.996	16.848	0.000	0.000	0.000	0.000	0.000	1.410	9.645	3.960	0.000	4.797	65.953	57.139	0.000	0.000	0.000	11.645	0.000	2.504	0.000	12.206	8.185	0.000	0.000	23.260	3.691	2.237	16.242	0.000	0.000	0.000	0.000	0.000	6.594	0.000	22.729	12.553	40.091	51.930	48.458	88.834	0.000	0	0	0	0	0	0	0
0	0	0	0	0	0	0	0	0	0.000	13.298	5.306	0.000	0.000	8.608	0.000	0.000	0.000	7.770	0.000	14.422	8.181	4.007	0.000	0.000	4.923	0.000	17.132	0.000	0.000	10.388	0.000	1.963	0.000	0.000	0.000	0.000	14.218	6.737	17.066	13.242	21.729	5.588	0.000	0.000	9.713	0.000	14.807	0.000	0.000	0.000	0.000	24.983	3.597	0.000	0.000	0.000	0.000	19.185	0.000	0.000	7.090	0.000	17.580	8.408	0.000	12.523	0.000	2.434	17.937	3.700	0.000	0.000	0.000	0.000	0.000	0.000	2.811	0.000	6.439	1.078	0.000	1.621	10.584	0.000	0.000	0.000	6.755	22.087	7.908	18.261	14.891	2.082	16.896	0.000	0.000	29.336	0.000	13.648	0.000	0.000	0.000	5.868	0.000	2.584	0.000	3.748	12.723	25.870	12.108	3.400	9.317	9.891	1.479	6.376	15.415	0.000	0.000	0.000	5.086	0.000	0.000	29.681	5.190	0.000	19.782	4.935	19.304	27.497	0.000	17.717	0.000	11.716	0.000	12.040	34.587	4.098	0.000	1.908	0.000	0.000	0.000	0.000	8.924	12.408	10.783	0.000	1.249	30.634	0.821	20.243	33.141	20.018	65.624	97.254	0	0	0	0	0	0	0
0	0	0	0	0	0	0	0	0.000	24.932	0.000	3.341	0.000	17.938	0.000	0.000	0.000	0.000	0.000	1.531	9.373	2.314	17.326	13.722	0.000	4.660	0.000	0.000	19.879	0.000	0.000	3.656	0.000	0.000	0.000	0.863	0.000	4.086	33.494	26.871	36.018	2.725	0.000	0.000	6.541	1.034	0.000	0.000	0.000	0.000	0.000	0.000	3.403	21.690	0.000	29.581	1.143	0.000	0.000	0.000	11.491	2.487	7.820	2.542	13.676	8.152	0.000	5.962	0.000	9.631	0.000	0.000	0.000	0.000	0.000	0.000	3.970	1.852	0.000	1.494	0.000	0.000	0.000	0.000	0.000	0.000	0.000	11.939	2.593	10.463	0.000	20.617	0.852	14.791	0.000	0.000	0.000	8.728	0.000	0.000	1.161	0.000	0.000	0.000	0.000	3.519	31.700	2.951	0.000	37.619	17.605	26.012	0.000	37.068	7.260	15.145	11.510	6.822	0.000	0.000	0.000	0.000	0.000	0.000	22.717	22.959	0.000	6.880	13.091	10.251	17.310	16.169	0.661	18.238	7.484	0.000	0.994	27.406	20.892	11.756	7.150	7.543	3.344	4.825	0.000	10.470	4.382	12.158	6.631	0.734	8.601	22.475	0.000	36.672	138.135	171.521	0	0	0	0	0	0
0	0	0	0	0	0	0	0	0.000	0.000	0.000	10.291	0.000	0.000	10.072	0.000	0.992	2.854	0.000	0.000	0.000	0.000	1.933	16.464	11.564	13.910	2.956	0.000	0.000	0.000	0.000	0.000	0.000	0.000	0.000	3.853	0.000	0.000	0.000	8.898	3.015	10.073	15.693	0.000	0.000	0.000	0.000	0.000	0.000	19.184	15.717	27.853	28.177	0.000	0.000	0.000	5.305	0.000	1.935	25.171	0.000	2.612	2.100	14.038	0.000	8.812	0.000	13.462	8.031	0.000	0.000	0.000	0.000	0.000	1.924	0.000	0.000	0.000	0.000	0.000	5.903	0.000	0.000	0.908	0.713	0.000	0.000	0.000	0.000	0.000	2.849	14.640	0.000	5.880	0.000	18.225	0.000	5.914	9.413	0.000	0.000	0.000	0.000	16.676	0.000	0.000	1.178	9.107	0.000	7.825	3.572	14.931	0.000	0.000	18.966	12.034	27.482	0.000	7.402	0.000	0.000	0.000	0.000	0.000	0.000	104.071	10.026	3.477	11.320	7.313	12.279	0.000	0.000	3.782	0.000	0.992	0.000	25.284	20.219	0.000	60.592	8.169	4.565	3.914	0.000	3.001	9.004	0.000	7.389	0.000	27.448	6.876	19.087	49.676	73.768	165.324	0	0	0	0	0	0
0	0	0	0	0	0	0	0.000	16.963	1.208	0.000	7.659	12.764	11.646	25.398	0.943	35.824	1.067	0.000	1.221	9.320	33.607	10.404	0.000	0.000	0.000	0.000	0.000	0.000	0.000	19.685	0.000	0.000	0.000	22.721	0.000	0.000	0.000	0.000	17.895	19.189	1.745	0.820	0.000	0.000	0.000	0.728	0.000	6.808	0.000	32.859	0.000	0.000	0.000	1.033	0.000	0.000	0.000	0.000	3.321	6.270	11.930	14.097	10.386	0.000	0.000	0.000	2.407	14.004	0.000	0.000	5.573	51.752	0.000	10.490	15.207	0.000	7.140	3.270	0.000	0.000	9.311	0.000	0.000	0.000	9.717	3.991	0.000	13.751	14.232	0.923	0.000	14.161	15.359	3.191	9.985	9.993	8.243	22.468	0.000	22.960	12.343	0.000	3.410	0.000	0.000	6.939	0.000	0.774	0.000	0.000	0.000	2.687	0.976	0.000	0.000	3.272	19.128	0.000	21.859	11.678	0.000	0.000	0.691	0.000	0.000	1.006	0.000	0.997	0.000	0.000	0.000	0.000	1.160	0.000	0.000	0.000	0.000	2.161	0.000	0.000	0.000	1.343	21.179	2.398	14.047	0.000	6.151	0.000	0.000	2.320	11.869	16.652	16.991	40.877	159.821	0	0	0	0	0	0
0	0	0	0	0	0	0	0.000	37.852	0.000	2.497	0.000	8.608	11.086	6.577	0.000	0.000	0.000	0.947	2.620	0.000	0.000	0.000	2.591	0.000	0.948	9.664	0.000	0.000	8.096	0.000	0.000	0.000	0.000	10.716	0.000	22.349	1.120	0.000	5.015	17.054	0.000	0.000	0.000	5.386	2.569	18.242	0.000	40.812	9.671	2.422	0.000	17.175	0.000	2.335	2.203	11.971	0.000	0.000	0.000	17.895	0.000	0.000	0.000	14.239	0.000	10.711	3.866	14.625	3.239	1.587	0.000	3.599	25.344	7.628	19.975	0.000	0.000	6.158	0.000	3.930	30.263	34.274	12.714	19.837	11.756	0.000	0.000	27.237	3.764	4.472	0.000	6.983	0.000	7.763	0.000	0.000	26.604	2.434	0.000	0.000	4.381	0.000	11.369	0.000	0.000	0.000	17.590	0.000	0.000	0.000	0.000	0.000	0.000	0.000	5.331	0.000	0.000	7.068	10.997	22.365	0.000	8.988	0.000	0.000	2.061	8.644	0.975	2.700	4.326	0.000	12.500	0.000	2.140	0.000	0.000	0.773	0.000	0.000	2.326	6.599	0.000	10.426	7.835	7.887	0.000	0.000	18.426	0.000	18.488	13.948	13.007	20.582	13.880	11.735	134.498	41.976	0	0	0	0	0
0	0	0	0	0	0	0	0.000	7.407	9.057	0.000	4.045	21.456	0.000	0.000	0.000	0.000	12.138	0.000	20.082	7.854	0.000	0.000	16.662	0.000	0.000	0.000	0.000	0.000	0.000	0.000	0.000	0.000	0.000	23.420	0.000	0.000	0.000	3.717	16.297	0.000	0.000	0.000	0.000	15.072	15.485	0.891	27.784	7.538	7.074	20.898	0.000	32.399	9.847	3.572	11.401	12.151	23.026	0.000	0.000	0.000	0.000	5.267	0.000	0.000	7.221	0.000	0.000	0.000	0.000	0.000	0.000	0.000	0.000	0.000	21.675	12.497	28.950	4.412	0.000	11.588	5.083	0.000	19.206	0.000	0.000	18.280	12.283	0.000	32.370	13.351	0.000	8.369	0.000	0.000	0.000	0.000	0.000	0.000	9.766	0.000	0.000	5.949	9.563	9.659	2.372	0.000	0.000	0.000	0.000	87.046	227.755	0.000	5.924	6.169	0.000	0.000	15.071	12.863	0.000	20.851	36.902	29.634	5.061	0.000	0.650	0.644	0.000	0.000	0.000	10.784	11.412	0.000	5.893	5.718	0.000	12.723	0.000	18.765	0.000	0.000	24.258	5.783	8.389	6.270	0.000	4.289	0.000	4.588	6.326	0.000	0.000	5.176	3.041	52.426	74.635	130.549	0	0	0	0	0
0	0	0	0	0	0	0.000	0.000	8.674	2.874	0.000	0.000	18.903	0.000	0.000	3.652	0.000	0.000	5.252	0.000	1.002	0.000	0.000	20.243	0.000	8.382	0.000	0.968	0.000	8.506	0.000	0.690	0.000	11.032	12.662	0.000	2.658	8.655	28.835	40.700	19.438	6.768	25.316	2.562	19.268	0.000	13.280	0.000	0.000	0.000	0.000	0.000	8.607	0.000	0.000	0.000	0.956	22.707	0.000	0.809	0.000	4.349	2.337	0.000	19.536	0.000	5.956	12.093	0.000	13.217	0.000	0.000	5.922	0.000	13.987	29.515	8.681	5.742	6.505	0.000	0.000	0.000	9.240	0.000	28.982	10.629	1.256	0.000	2.559	0.000	0.000	0.000	37.869	0.000	0.000	44.664	0.000	9.337	9.634	8.975	0.000	1.761	34.326	0.000	0.000	5.818	0.000	2.538	12.918	14.411	42.601	78.908	0.000	0.000	6.137	16.507	13.345	15.709	3.965	15.746	0.000	0.000	20.944	16.774	0.000	0.000	0.000	0.000	4.055	0.000	16.627	0.000	0.000	1.707	0.000	0.000	5.807	0.000	0.000	11.398	0.000	0.000	0.000	16.404	21.639	0.000	0.000	11.153	0.000	9.831	11.125	15.161	16.758	2.828	37.481	40.089	58.965	0	0	0	0	0
0	0	0	0	0	0	0	6.060	0.000	0.000	0.000	20.149	0.000	2.615	0.000	0.000	0.000	0.000	12.220	4.374	0.000	0.000	1.468	0.000	6.177	8.169	5.833	0.000	0.000	6.321	0.000	0.000	0.000	19.172	23.112	0.000	9.311	4.295	2.523	12.218	7.186	0.000	0.000	0.000	0.000	8.798	14.456	0.000	8.058	0.000	0.000	16.294	1.900	0.000	5.033	0.000	0.000	0.000	3.900	4.143	0.000	7.011	0.910	1.298	0.000	0.000	22.612	6.687	0.000	15.309	16.355	0.000	32.360	16.310	30.577	16.437	38.789	9.423	0.000	0.000	26.524	47.096	12.810	3.662	17.737	0.000	0.000	7.887	0.000	0.000	0.000	11.579	10.975	0.000	16.600	6.692	1.749	0.000	0.000	0.000	17.094	0.000	0.000	0.000	0.000	10.337	0.000	8.450	23.281	25.360	8.937	19.498	9.129	11.130	38.581	15.726	0.000	9.586	5.625	0.000	0.000	0.000	0.000	48.664	3.863	0.000	7.678	0.000	0.000	3.487	0.000	0.000	7.162	0.000	0.000	0.000	0.000	12.909	0.757	26.860	54.769	2.468	10.333	0.000	9.242	0.000	14.047	1.460	2.080	10.257	0.000	4.286	8.599	9.063	16.074	7.333	109.371	99.919	0	0	0	0
0	0	0	0	0	0	0	14.957	0.000	0.000	17.880	0.000	0.000	0.000	0.000	0.000	0.000	0.000	0.000	0.000	0.954	14.718	11.636	23.458	0.000	0.000	0.000	9.769	0.000	0.000	0.000	0.000	0.000	0.000	14.151	31.932	13.815	0.000	0.000	1.238	36.768	11.591	25.629	0.000	0.000	0.000	0.000	0.000	0.000	4.975	11.442	0.000	20.379	7.219	0.000	1.265	0.000	9.317	5.990	10.225	0.000	5.477	21.062	0.000	0.000	0.000	0.000	0.000	14.310	0.000	3.754	0.000	0.000	4.263	27.009	2.194	0.000	0.000	0.000	0.000	15.924	31.455	11.557	20.155	23.143	0.000	0.000	0.000	11.985	0.000	1.917	0.000	0.000	0.000	0.000	8.370	0.000	15.391	4.693	7.973	14.505	11.412	12.781	0.000	8.127	0.000	18.044	0.000	4.017	12.993	3.022	23.425	0.000	13.215	15.516	6.373	9.586	15.271	0.000	11.513	0.000	11.073	30.989	15.680	16.482	0.000	5.164	0.000	0.000	0.000	0.000	0.000	0.000	0.000	0.000	0.000	0.000	9.517	0.000	3.150	3.971	11.512	14.065	0.000	0.000	0.000	0.000	0.000	19.643	6.824	1.213	0.000	13.157	0.000	11.829	26.377	34.382	57.250	0	0	0	0
0	0	0	0	0	0	0.000	0.000	0.000	0.000	1.095	33.415	0.000	28.798	9.684	0.000	0.000	6.358	20.368	3.600	0.000	0.000	0.000	0.000	7.880	0.000	0.000	1.836	0.000	0.000	1.836	3.339	0.000	0.000	11.679	10.879	0.000	7.608	3.334	9.964	1.358	0.000	17.772	13.764	0.000	0.000	0.000	0.000	0.000	10.012	12.972	3.989	12.209	1.489	0.000	0.000	3.613	31.298	0.000	0.000	2.850	7.435	6.891	0.000	11.807	3.532	12.989	0.000	1.302	33.679	10.219	0.000	1.161	10.280	0.000	0.000	0.000	0.000	0.000	0.000	14.463	15.287	22.936	47.960	19.606	0.000	0.000	0.000	15.937	34.451	0.000	0.000	0.000	0.000	0.000	0.000	11.345	34.767	0.844	14.639	21.306	0.000	0.000	0.000	13.510	0.000	12.799	1.357	0.000	0.000	20.465	0.000	0.000	0.000	9.751	15.391	0.000	0.000	0.000	0.000	4.633	26.121	21.120	4.482	0.000	0.577	0.000	0.000	0.000	0.000	0.000	0.000	0.000	0.000	0.000	0.000	3.670	3.155	0.000	0.000	7.253	12.373	6.958	27.622	0.000	0.000	11.505	0.000	6.802	0.000	0.000	15.000	9.307	3.843	16.872	24.724	27.366	27.052	0.000	0	0	0
0	0	0	0	0	0.000	0.000	0.000	2.975	0.000	20.181	16.312	10.999	0.000	0.000	0.000	4.635	18.039	7.304	18.624	0.000	14.262	1.084	6.074	0.000	0.000	0.000	0.000	0.000	0.000	0.000	0.000	0.000	0.000	0.000	17.122	39.509	0.000	22.231	13.936	0.000	0.000	0.000	1.284	28.204	5.821	3.087	0.000	0.000	0.000	0.000	9.818	0.000	0.000	0.000	0.000	23.827	14.795	17.590	8.180	2.716	3.221	0.000	0.000	16.265	0.000	16.314	7.857	0.897	0.000	37.522	2.032	14.772	10.198	23.316	18.384	0.000	6.862	19.399	0.000	0.000	0.000	0.000	18.042	1.308	5.049	4.632	0.000	21.579	4.905	17.904	15.557	3.551	6.576	0.000	10.289	0.000	0.000	1.075	3.450	0.000	0.000	5.491	22.961	0.000	0.000	0.000	2.028	20.204	13.948	0.000	12.941	0.000	0.000	7.107	15.207	5.270	23.236	21.394	0.878	12.348	2.977	0.000	3.550	0.000	0.000	8.828	4.966	0.000	0.000	0.000	0.000	3.158	0.000	0.000	0.000	0.000	0.000	0.000	0.000	2.213	7.929	0.000	7.876	45.241	20.667	4.524	0.000	4.203	7.853	18.724	4.767	3.692	0.000	0.000	0.000	0.000	18.848	29.969	0	0	0
0	0	0	0	0.000	0.000	0.000	9.223	0.000	8.112	0.000	0.000	0.000	14.647	5.851	0.000	0.000	10.779	0.000	1.402	0.000	0.000	5.577	0.000	0.000	0.000	2.555	0.000	0.000	3.243	0.000	6.577	0.000	0.000	0.000	0.997	30.315	0.000	18.428	30.752	0.000	0.000	0.000	0.000	0.000	9.353	0.000	0.000	0.000	0.000	3.151	0.000	0.000	0.000	14.523	8.856	0.000	0.000	0.000	0.000	0.000	0.000	0.000	32.426	0.000	0.000	0.000	4.276	4.235	6.238	0.000	0.000	0.000	0.000	23.894	16.483	0.000	0.000	0.000	2.501	0.000	0.000	26.993	5.140	0.000	3.277	19.535	0.000	1.550	0.000	0.000	0.000	2.448	0.896	0.000	4.777	0.000	0.000	18.566	0.000	8.760	14.499	10.363	4.603	0.000	0.000	0.000	0.000	8.296	0.000	10.196	0.000	0.000	0.000	4.163	0.000	0.000	0.000	0.000	0.000	0.000	0.000	0.000	0.000	0.000	0.000	0.000	1.078	1.743	6.306	0.000	0.000	0.000	0.000	0.000	0.000	0.000	0.000	7.588	7.158	1.746	0.000	0.000	0.000	23.570	2.224	0.000	8.734	0.000	15.680	0.000	0.000	2.286	6.789	0.000	0.000	11.532	14.644	31.296	0	0	0
0	0	0	0	0.000	2.850	11.821	23.653	12.854	2.662	27.787	0.000	4.711	4.223	0.000	6.476	7.748	0.000	0.000	0.000	0.000	0.000	0.000	0.000	0.000	0.000	0.000	0.000	1.060	13.159	0.000	0.000	0.000	0.000	0.587	0.000	2.201	8.959	1.676	1.856	13.244	0.000	0.000	0.000	4.635	0.000	0.000	1.779	0.000	0.000	8.284	12.183	8.636	16.062	0.768	18.685	24.512	0.000	10.732	0.000	0.000	0.000	13.505	4.923	5.293	5.532	12.660	20.105	0.000	9.895	0.000	0.000	17.312	0.000	6.297	30.717	0.000	0.000	0.000	0.000	0.000	0.000	0.000	7.396	17.056	0.000	6.866	0.000	0.000	0.000	0.000	0.000	5.647	16.219	0.838	0.959	0.000	0.000	0.000	0.000	10.002	1.086	6.784	5.770	27.129	2.610	0.000	0.000	7.574	0.000	0.000	0.000	0.000	0.000	0.000	0.000	0.000	0.000	0.000	9.919	0.000	0.000	0.000	0.000	0.000	0.000	0.000	0.000	0.000	0.000	0.000	0.000	16.060	0.000	0.000	0.000	0.000	0.000	5.404	0.000	5.887	6.386	5.374	0.000	42.549	0.000	0.000	0.000	5.161	0.000	0.000	8.870	6.466	1.365	0.000	5.025	6.540	15.475	32.456	5.946	0	0
0	0	0	0.000	0.000	0.000	0.000	0.000	0.000	15.067	0.000	0.000	18.956	16.498	0.000	0.000	2.039	0.000	0.000	0.000	18.757	21.276	0.000	0.869	0.000	0.000	0.000	0.000	0.000	0.000	4.166	6.682	3.355	0.000	0.000	0.000	3.784	0.000	0.000	4.381	0.000	0.000	0.000	0.000	0.000	0.000	5.019	0.000	0.000	14.697	20.390	18.533	0.000	0.000	7.604	0.000	6.759	0.000	0.000	9.131	10.667	0.000	0.000	0.000	8.206	0.000	0.000	1.905	0.000	0.000	5.925	6.064	18.191	11.750	21.895	7.352	0.000	0.000	0.000	0.000	0.000	0.661	0.000	6.386	0.000	30.390	13.354	8.739	0.000	13.009	9.743	0.000	23.363	9.897	0.000	3.643	0.000	0.000	0.000	0.000	0.000	35.707	5.558	7.510	17.996	0.942	14.032	3.888	18.329	6.238	10.238	26.328	0.000	10.007	0.000	0.000	0.000	9.609	0.000	0.000	0.000	0.000	5.127	2.353	9.312	0.000	0.000	2.854	0.000	0.000	14.148	0.000	0.000	0.000	1.490	0.000	0.000	0.000	11.487	0.000	11.650	2.320	0.000	9.517	0.000	3.191	47.175	17.696	15.735	1.303	25.903	6.622	3.632	0.000	0.000	14.415	0.000	0.000	0.000	15.386	0	0
0	0	0	0.000	0.000	0.000	0.000	39.445	0.000	7.557	0.000	6.102	18.283	6.113	0.000	0.000	0.000	0.000	0.000	0.000	0.000	0.000	3.402	0.771	0.000	0.000	4.321	0.000	3.355	0.000	0.000	1.002	8.254	0.000	0.000	0.000	0.000	0.000	0.000	0.000	0.000	0.000	0.000	4.326	0.000	0.000	4.246	10.103	0.000	10.734	0.000	0.000	3.799	1.201	8.160	9.217	0.000	0.000	18.684	8.939	0.000	27.793	15.484	0.000	8.370	0.000	2.363	8.786	0.000	17.108	17.201	0.000	5.102	6.067	0.000	0.000	0.000	0.000	0.000	0.000	0.000	0.000	0.000	3.281	20.555	35.192	0.000	6.520	0.000	2.341	13.783	4.643	0.000	0.000	0.000	0.963	0.000	5.656	18.187	11.892	0.000	8.818	9.099	15.850	0.000	0.000	0.000	1.422	0.000	0.000	4.177	15.296	3.159	0.000	5.218	0.000	0.000	0.000	0.000	4.635	0.000	0.000	0.000	0.000	0.000	0.000	0.000	8.364	0.000	0.000	0.000	0.000	0.000	6.389	0.000	0.000	0.000	0.000	0.000	0.000	0.000	5.252	14.030	0.000	6.784	11.286	15.660	12.249	0.000	49.175	0.000	0.000	6.711	58.420	2.907	0.000	3.189	0.000	7.033	5.865	0	0
0	0	0	0.000	2.575	0.000	0.000	34.052	0.000	12.181	17.155	15.365	3.607	13.205	5.713	0.000	0.000	22.033	0.000	18.866	0.000	7.389	0.000	0.000	9.742	0.000	0.000	0.000	0.000	0.000	0.000	0.000	0.000	0.000	16.124	0.000	0.000	0.000	0.000	3.207	0.000	0.000	0.000	0.000	15.825	0.000	0.000	4.851	1.232	14.752	0.000	0.000	0.000	5.100	8.164	0.000	8.321	9.642	0.000	0.000	2.497	0.000	16.171	0.000	11.425	0.000	41.903	11.862	13.811	0.000	0.000	0.000	0.000	10.100	0.000	0.000	2.242	0.000	11.368	8.395	10.431	0.000	0.000	0.000	1.068	0.000	15.078	26.958	8.727	28.823	17.845	6.702	0.000	0.000	8.364	5.152	0.884	11.370	0.000	19.733	11.727	11.628	9.869	11.551	0.000	22.501	39.187	0.000	17.019	0.000	27.770	7.821	2.413	10.247	0.000	16.106	0.000	0.000	0.000	9.439	0.000	0.000	0.000	0.000	0.000	0.631	0.000	0.000	0.000	4.193	0.000	0.000	0.000	0.000	0.000	7.409	0.000	0.000	0.000	0.000	0.000	0.000	14.404	0.000	5.103	4.335	0.000	0.743	18.865	9.473	4.156	9.071	5.823	0.000	26.935	16.016	10.339	0.000	0.000	17.129	0.000	0
0	0	0.000	0.000	0.000	0.000	6.309	0.000	0.000	10.394	3.057	0.000	0.000	0.000	0.000	0.000	9.939	4.942	20.351	0.000	12.421	6.009	7.317	0.000	0.000	0.000	0.000	6.661	0.000	0.000	0.000	1.077	0.000	0.000	4.538	0.000	0.000	0.000	0.000	0.000	0.000	0.000	0.000	0.000	6.289	0.000	0.000	0.000	0.817	0.000	19.782	0.000	5.107	26.364	0.000	0.000	0.000	0.000	2.571	14.612	10.121	7.593	15.293	0.000	0.000	0.000	8.702	14.221	7.809	5.032	0.000	17.612	0.000	8.459	0.000	0.000	0.000	0.000	2.790	21.366	11.692	2.868	7.907	0.000	0.000	0.000	0.000	0.000	7.842	5.847	0.000	0.000	0.000	0.000	0.000	13.879	9.597	0.000	8.085	10.557	0.808	0.000	6.173	0.000	0.000	0.000	9.373	7.219	0.794	2.922	2.169	14.387	10.576	5.083	0.000	0.000	28.723	4.437	0.000	0.000	0.000	0.000	0.000	0.000	0.000	0.000	0.000	0.000	0.000	0.000	0.000	0.000	0.000	0.000	0.000	6.798	1.670	0.000	0.000	0.000	0.000	0.000	0.000	0.000	0.000	0.793	20.479	12.741	0.000	0.000	0.000	3.549	0.000	15.805	9.373	6.222	1.312	0.906	0.000	8.457	30.068	0
0	0	0.000	0.000	0.000	1.746	0.000	18.726	0.000	3.134	11.535	15.205	0.000	18.119	0.000	10.586	16.218	0.000	0.000	18.107	4.600	0.000	0.000	0.000	0.000	0.000	0.000	9.840	0.000	9.420	0.000	0.000	0.000	4.565	0.000	4.308	0.000	0.000	0.000	0.000	0.000	0.000	0.000	3.601	7.874	0.000	0.000	0.000	0.000	26.565	0.000	1.189	0.946	0.000	19.519	1.931	4.745	0.000	8.243	0.000	0.000	10.724	6.369	14.706	0.000	0.000	0.000	0.000	7.477	25.631	0.000	0.000	1.211	0.000	9.788	0.000	0.000	0.000	5.080	5.680	0.000	2.536	0.000	0.000	0.000	0.000	0.000	0.000	8.925	0.000	0.000	0.000	6.530	0.000	0.000	0.000	10.246	0.000	4.373	4.010	18.189	4.432	0.000	9.186	0.000	0.000	19.619	0.000	4.080	0.000	2.967	13.448	0.000	8.248	0.000	0.000	5.021	0.000	0.000	0.000	0.000	0.000	0.000	0.000	0.000	0.000	0.000	0.000	7.591	1.744	0.000	0.000	16.479	6.116	0.000	0.000	0.000	0.000	3.089	0.000	0.000	0.000	0.000	0.000	0.000	24.182	0.000	0.000	0.000	1.307	0.000	0.000	0.000	0.000	15.901	12.191	0.000	7.145	0.000	0.928	0.000	0
0	0	0.000	0.000	0.000	0.000	0.000	0.000	0.000	0.819	0.000	18.543	0.000	43.945	0.000	0.000	0.000	0.000	27.927	0.000	0.000	0.000	0.794	0.000	12.075	0.000	0.000	0.000	0.000	0.000	0.000	0.000	0.000	0.000	5.758	9.104	0.000	0.000	0.000	0.000	0.000	0.000	0.000	17.883	0.000	4.087	7.321	11.304	0.000	0.000	0.000	0.000	0.000	2.099	0.000	13.145	0.000	0.000	0.000	0.000	0.000	16.608	0.000	0.000	0.000	20.101	17.432	0.000	27.452	0.000	0.000	0.000	0.000	0.000	0.000	1.637	1.086	6.763	0.000	3.646	13.831	36.849	14.797	9.244	0.000	0.000	20.538	0.000	0.000	0.000	0.000	2.069	3.318	0.000	0.000	10.159	9.118	54.109	20.045	0.000	0.000	14.229	0.000	0.000	0.000	1.301	0.000	11.369	12.861	7.219	0.000	23.420	11.963	0.000	1.956	1.102	1.678	10.047	8.529	0.000	0.000	1.867	0.000	0.000	0.000	6.620	0.000	0.000	0.000	0.000	0.000	0.000	0.000	0.000	0.624	0.000	1.857	0.000	0.000	0.000	1.496	0.000	0.000	0.000	0.000	21.614	0.000	0.806	6.421	14.999	0.000	3.507	0.000	0.000	0.000	5.113	16.916	16.943	27.308	0.000	14.913	0
0	0	0.000	18.506	0.000	2.692	0.000	0.000	0.000	4.393	22.698	19.158	0.000	33.804	0.000	0.000	0.000	0.000	0.000	0.000	25.578	0.000	0.000	0.761	0.000	0.000	0.000	0.000	0.000	0.000	0.000	0.000	5.691	0.720	0.000	0.000	0.000	0.770	0.000	10.741	3.334	0.000	0.000	31.564	0.000	10.517	0.000	0.000	0.000	0.000	0.000	24.748	0.000	18.287	0.000	6.731	0.000	7.100	0.746	0.000	0.000	3.691	0.000	0.000	8.380	0.000	0.000	8.339	21.203	4.212	0.000	2.827	0.719	0.000	1.961	19.008	18.650	3.437	9.082	33.323	0.000	17.430	13.497	15.228	8.358	1.219	0.000	6.883	0.000	10.727	3.012	0.000	0.000	3.734	7.837	0.000	0.000	9.129	0.000	6.052	0.000	0.000	17.412	0.000	0.000	10.782	0.000	0.000	5.013	1.350	5.595	11.005	0.000	2.002	0.000	15.864	7.261	21.431	0.608	0.000	6.981	11.335	0.000	2.786	1.853	0.000	2.071	0.000	0.000	2.406	0.000	0.000	0.000	0.000	0.000	0.000	0.000	0.000	0.000	0.000	0.000	0.000	10.657	0.000	0.000	11.342	0.000	5.262	8.231	0.000	2.183	0.000	20.649	0.000	0.000	11.539	9.350	0.000	1.329	26.472	5.586	0.000
0	0	0.000	0.000	0.000	0.000	1.651	0.000	0.000	4.876	10.406	0.000	0.000	0.000	2.458	0.000	16.692	0.000	0.000	0.000	0.000	0.000	0.000	0.000	2.958	3.071	0.000	0.000	0.000	0.000	0.000	1.933	13.604	0.000	0.000	0.000	0.000	3.734	0.000	0.000	0.000	0.000	0.000	9.889	2.051	0.000	0.000	0.000	0.000	0.000	15.185	0.000	0.000	0.000	0.000	0.000	0.000	4.441	5.428	0.000	2.223	12.981	0.000	0.908	29.588	7.083	0.000	10.708	0.853	0.000	7.568	0.000	9.028	0.000	4.988	19.756	2.396	8.209	2.506	0.000	19.632	22.479	10.743	0.000	0.000	0.000	20.595	3.061	0.000	0.000	0.000	23.420	5.470	11.280	5.198	0.000	30.401	16.292	0.000	0.000	16.312	0.000	18.696	0.000	0.000	0.000	0.000	0.000	17.492	8.427	0.000	4.554	0.000	6.065	0.000	0.000	0.000	0.000	27.492	0.000	0.000	0.000	0.000	0.000	2.627	0.000	0.000	1.006	0.000	0.000	0.000	0.000	0.000	0.000	0.000	0.000	11.566	2.858	0.000	0.000	0.000	0.000	0.000	0.000	6.981	20.640	11.931	23.346	11.394	21.770	25.991	0.000	0.000	0.000	0.000	16.922	3.626	7.012	13.915	0.000	15.133	0.000
0	0	0	12.667	0.000	0.000	0.882	0.000	0.000	0.000	0.000	16.292	0.000	0.000	0.000	0.000	12.838	0.000	2.753	0.000	0.000	0.000	0.000	0.000	0.000	0.000	0.000	0.000	0.000	0.000	0.000	0.000	0.000	10.361	0.000	18.332	5.532	10.353	0.000	0.000	9.894	0.000	2.521	4.282	0.797	0.000	0.000	1.543	0.000	10.498	0.000	0.000	0.000	0.000	0.000	1.168	2.054	9.034	17.766	7.702	0.932	0.803	16.388	16.655	0.000	23.571	6.762	0.801	0.000	0.000	0.000	0.000	0.000	0.000	12.619	0.000	0.000	16.152	0.000	29.077	5.918	2.593	2.788	0.000	2.258	0.000	0.000	1.924	10.954	23.363	0.000	0.000	0.000	16.207	0.000	7.963	8.377	0.000	0.000	5.994	0.000	0.000	15.073	9.493	0.000	11.929	0.000	0.000	0.000	9.944	7.130	19.862	0.924	0.000	0.000	0.000	0.775	4.611	10.560	0.000	8.484	2.874	0.000	0.000	8.603	0.000	8.991	0.000	0.000	0.000	0.000	0.000	0.000	5.299	8.874	9.143	0.000	0.000	0.000	7.330	0.000	0.000	0.000	0.000	0.000	8.031	0.000	21.351	3.922	1.201	0.000	0.000	4.007	0.000	13.044	3.136	7.760	0.000	21.007	17.885	13.609	0.000
0	0	0.000	0.000	3.176	0.000	0.000	12.548	9.713	8.150	12.078	22.062	0.000	0.000	0.000	0.000	1.382	0.000	0.000	0.000	0.000	0.000	0.000	0.000	0.000	0.000	8.714	9.520	0.000	0.000	0.000	0.000	0.712	0.000	0.000	9.190	0.000	1.026	9.388	0.000	0.000	0.000	18.113	5.814	7.294	0.000	0.000	0.000	0.000	0.000	0.000	0.000	0.000	7.114	7.609	0.000	0.000	0.000	0.000	7.276	1.223	5.002	13.197	5.319	0.000	6.117	0.000	0.000	0.000	23.914	0.000	0.000	0.000	0.000	0.000	6.040	4.562	0.000	5.065	19.029	0.000	13.853	24.878	18.304	8.992	3.681	0.000	1.707	5.567	0.000	3.265	12.408	0.000	7.783	0.000	10.693	0.000	15.837	0.000	7.168	0.000	0.952	3.782	0.000	0.000	0.000	0.000	9.233	22.454	0.000	0.000	0.000	0.000	6.073	3.681	9.217	0.000	3.145	0.000	1.836	0.000	3.741	0.000	0.000	0.000	0.000	0.000	0.000	0.000	0.000	0.000	0.000	1.427	0.000	0.000	0.000	0.000	0.000	22.204	9.486	0.000	0.000	4.057	0.000	0.000	2.558	0.000	0.000	7.130	14.948	0.000	0.000	0.000	7.026	1.366	2.412	0.000	16.308	4.090	20.095	3.105	0.000
0	0	0.000	0.000	0.000	3.486	29.484	0.000	8.453	2.237	8.780	0.000	20.765	0.000	0.000	0.000	8.033	0.000	10.059	7.332	0.000	0.000	0.000	7.261	0.000	0.000	0.000	0.000	0.000	0.000	0.000	0.000	0.000	0.000	0.000	0.000	0.000	0.000	0.000	0.652	0.000	0.918	3.189	0.810	0.000	0.000	8.120	4.442	0.000	0.000	0.000	3.493	24.393	16.554	0.000	0.000	0.000	1.205	20.832	6.194	6.704	9.396	0.000	10.617	2.223	0.000	4.524	0.000	0.000	14.123	0.000	5.430	0.000	27.296	2.150	0.000	0.000	13.197	0.000	0.000	0.000	0.000	28.606	20.339	15.473	8.573	3.649	0.000	0.000	0.000	16.673	26.619	0.000	0.000	9.028	0.000	0.922	10.886	18.219	17.757	0.898	0.000	2.245	2.543	3.325	0.000	0.000	0.000	10.897	0.000	8.473	14.838	0.000	4.380	7.635	0.000	2.403	8.472	0.000	0.000	0.000	9.859	0.000	0.000	0.000	0.000	0.000	0.000	0.000	0.000	0.000	0.000	0.000	0.000	0.000	0.000	0.000	0.000	21.895	6.086	2.779	0.000	0.000	0.716	0.000	0.000	0.000	0.000	0.000	0.000	0.000	0.000	5.430	8.180	0.000	0.000	0.000	0.000	15.053	19.747	28.094	0.000
0	0	0	0.000	0.000	6.786	16.640	0.000	0.000	20.305	22.905	0.000	0.000	0.000	1.102	0.000	21.066	3.136	0.000	15.509	16.497	0.000	0.000	0.000	0.000	0.000	0.000	0.000	0.000	0.000	0.000	0.000	0.000	0.000	0.000	0.000	0.000	0.000	0.000	0.000	0.000	12.195	6.318	12.722	0.000	0.000	0.000	0.000	4.400	0.000	4.695	0.000	0.000	0.000	0.000	19.027	8.335	12.533	0.000	24.158	0.000	19.456	0.000	5.016	6.486	4.508	15.415	0.000	0.000	28.556	24.092	0.000	0.000	3.996	0.816	7.310	5.584	0.000	2.851	0.000	0.000	10.926	9.778	14.423	6.717	0.000	0.000	1.499	0.000	0.000	2.911	21.938	25.322	12.984	10.646	1.303	0.000	18.459	2.395	19.911	5.406	0.000	0.000	9.241	4.569	28.014	0.000	10.984	5.130	0.000	0.000	4.742	0.000	3.681	0.782	0.000	0.000	0.000	0.000	0.000	0.000	0.000	0.000	0.000	0.000	0.000	1.678	0.000	0.000	0.000	0.000	0.000	0.000	0.000	0.000	0.000	8.912	0.000	8.739	0.000	8.682	0.000	0.000	0.000	0.000	0.000	9.319	12.664	0.000	13.900	0.000	3.945	3.580	0.000	7.120	7.918	0.000	0.000	0.000	0.000	0.000	10.130
0	0	0	0.000	0.000	0.000	0.000	0.000	0.000	0.000	0.000	3.928	5.612	18.646	0.000	0.000	12.959	4.232	0.000	10.409	0.000	0.000	8.527	0.000	0.000	12.306	0.000	7.788	0.000	0.000	0.000	0.000	0.000	0.000	0.000	2.661	0.000	0.000	0.000	0.000	11.243	0.000	15.270	0.000	8.446	0.000	0.000	0.000	0.582	2.085	0.000	0.000	3.208	0.000	0.000	0.000	0.000	16.397	0.000	9.853	16.872	0.000	26.756	20.572	5.683	0.000	14.262	0.000	0.000	0.000	9.379	17.383	10.797	3.462	0.000	0.000	9.240	21.241	0.000	11.598	8.019	0.000	9.862	12.948	0.000	10.086	0.000	4.901	0.000	0.000	0.000	5.955	10.566	5.351	0.654	10.182	5.754	2.133	0.000	0.000	0.000	2.871	5.516	0.000	1.628	0.000	4.143	1.671	10.497	0.000	0.000	0.000	6.850	0.000	0.000	13.390	4.329	6.845	4.273	0.000	7.628	0.000	0.000	0.000	0.000	0.000	8.902	0.000	0.000	0.000	0.000	0.000	0.000	0.000	4.123	11.512	0.000	0.000	7.183	23.347	0.000	0.000	0.000	0.000	14.879	11.006	3.225	4.236	0.000	3.036	0.000	0.000	1.715	0.000	0.000	0.000	0.000	9.673	0.000	0.000	1.294	0.000
0	0	0	0.000	0.000	0.000	9.738	0.000	0.000	18.663	0.000	10.697	17.041	0.000	0.979	0.000	5.307	0.000	0.000	0.000	0.000	0.000	0.000	0.000	0.000	1.813	0.000	0.000	0.000	0.000	0.000	0.000	0.000	0.000	0.000	0.000	0.000	0.000	0.000	5.976	10.783	0.000	0.000	7.869	2.934	0.000	0.000	0.000	9.536	26.033	0.000	0.000	0.894	0.000	8.527	15.108	17.619	0.000	0.000	9.680	0.000	0.000	0.000	20.291	6.364	0.000	3.898	0.000	0.000	4.727	0.836	0.000	0.938	5.991	0.000	0.000	0.000	1.348	0.000	0.000	7.961	0.000	6.896	0.000	12.830	2.226	1.256	4.767	0.000	0.000	11.566	0.000	2.222	27.604	22.834	0.000	0.000	10.846	0.000	0.000	1.107	5.369	8.572	0.000	0.000	0.000	16.074	8.197	8.163	8.286	0.000	0.715	0.000	3.305	0.000	0.000	0.743	0.000	0.000	0.000	0.000	0.000	12.194	39.430	0.000	0.000	0.000	0.000	0.000	0.000	0.000	0.619	0.649	2.136	10.976	8.420	4.859	0.000	1.864	0.000	0.000	0.000	0.000	0.000	2.944	10.333	0.000	15.469	0.000	0.000	0.000	0.000	0.000	0.000	3.420	8.670	0.000	3.800	0.000	11.577	0.000	12.340
0	0	0	0.000	3.029	0.000	0.000	3.760	13.332	0.000	0.000	0.000	7.133	0.000	0.000	8.088	0.000	0.000	5.692	0.000	0.000	0.000	0.000	0.000	0.000	0.000	0.000	0.000	0.000	0.000	0.000	0.000	0.000	0.000	3.590	0.000	0.000	0.000	0.000	17.996	12.465	0.000	0.000	0.000	0.000	0.000	0.000	0.723	12.001	11.682	17.223	0.000	0.000	0.000	0.000	7.638	3.288	0.000	6.734	0.000	0.000	22.613	0.000	14.079	2.685	0.000	10.037	0.000	0.000	9.846	7.721	20.506	10.441	0.000	21.859	0.000	0.000	0.000	5.973	16.849	2.887	14.937	0.000	2.016	3.483	8.353	13.926	0.000	0.000	1.528	3.580	12.362	9.191	0.000	14.539	21.155	14.466	0.638	0.000	6.731	13.003	12.317	0.000	24.583	6.435	0.000	2.754	0.000	18.840	0.000	8.471	5.350	0.000	0.000	0.000	0.000	0.000	7.374	7.513	0.000	0.000	0.000	0.000	11.661	0.000	0.000	0.000	0.000	10.270	0.000	0.000	0.000	0.000	0.000	7.824	10.584	16.240	11.279	0.000	14.453	0.000	0.000	0.000	0.000	22.654	0.000	0.000	0.000	0.000	29.560	0.000	0.000	6.711	0.000	0.000	0.000	6.190	0.000	0.000	0.000	0.000	23.205
0	0	0	0	0.000	0.000	20.190	0.000	0.000	19.033	0.000	9.219	0.000	4.491	0.000	0.000	6.139	0.000	7.014	0.000	0.000	2.098	0.000	0.000	0.000	8.922	5.239	14.177	0.000	1.759	0.000	0.000	0.000	0.000	2.785	0.000	0.000	0.000	0.000	8.628	0.000	0.000	0.000	0.000	0.000	7.114	0.000	11.660	0.000	9.456	0.000	1.976	8.716	5.536	22.652	11.069	9.523	0.000	0.000	0.000	8.036	20.780	5.018	7.852	12.412	0.000	7.270	0.000	12.550	2.305	0.000	0.000	15.069	0.000	6.508	12.812	7.055	0.000	0.000	2.567	0.000	8.614	16.765	17.255	0.000	10.225	0.000	0.000	20.947	10.859	11.970	2.350	1.965	6.346	3.157	0.000	0.000	14.085	8.228	0.000	0.000	0.000	0.000	0.000	7.743	0.000	8.273	6.278	21.594	3.293	12.163	0.000	0.000	0.000	23.445	4.429	0.000	0.000	0.000	0.000	2.006	9.305	29.976	0.000	12.216	4.000	0.000	0.000	2.782	0.000	0.000	0.000	0.000	0.000	0.000	0.000	1.016	0.000	0.000	0.000	3.764	0.000	0.000	0.000	0.000	3.950	0.000	0.000	0.000	0.000	1.264	0.000	16.789	16.417	0.000	0.000	0.000	18.857	14.444	0.000	0.000	16.626
0	0	0	0	0	0.000	11.633	11.219	24.554	17.522	0.000	0.000	0.000	9.713	0.000	0.000	0.000	17.159	28.794	0.000	2.705	0.000	0.000	0.000	0.000	0.000	2.368	23.598	4.049	12.946	0.000	0.000	0.000	0.000	0.000	0.000	0.000	0.000	0.000	0.000	4.946	0.000	0.000	0.000	0.000	0.000	0.000	0.000	0.000	0.000	0.000	2.636	2.917	20.404	0.000	0.000	5.194	3.343	0.000	0.000	0.000	2.716	13.572	12.111	0.000	0.000	6.025	5.264	0.000	9.463	0.000	15.338	0.000	0.000	0.000	8.364	0.000	1.231	0.000	22.077	3.941	0.000	0.000	16.760	6.323	0.000	0.000	0.000	8.146	0.000	30.159	8.709	0.000	0.000	0.000	1.250	0.000	18.448	9.336	13.802	0.911	0.000	4.298	0.000	0.000	0.000	1.187	26.813	0.000	0.000	3.795	0.000	0.000	8.165	5.679	0.000	0.000	0.000	3.351	0.988	4.568	24.729	0.000	0.000	9.387	0.000	0.000	0.000	0.000	3.079	0.000	0.000	0.000	0.000	0.000	18.616	0.000	65.158	0.000	8.953	0.000	0.000	0.000	52.333	9.941	2.456	1.866	15.987	0.000	7.253	0.000	0.000	0.000	0.000	65.813	0.000	0.000	0.000	13.297	5.613	21.108	7.093
0	0	0	0	0	0	20.496	5.010	8.286	0.000	37.422	0.000	6.540	0.000	0.000	0.000	11.229	0.000	0.000	0.000	0.000	22.946	0.000	0.000	0.000	8.664	0.000	0.000	0.000	7.732	0.000	0.000	0.000	0.000	0.000	0.000	0.000	0.000	0.000	0.000	0.000	7.474	5.758	1.665	0.000	0.000	2.508	0.000	0.000	8.579	12.723	2.094	0.000	0.000	0.000	5.830	0.000	0.000	14.008	0.000	0.000	4.057	0.000	0.000	2.346	25.335	3.535	0.000	0.000	0.000	0.000	2.248	0.000	0.000	20.298	33.655	15.769	25.204	0.000	0.000	0.000	11.799	13.002	14.354	20.396	10.836	12.076	0.000	0.000	0.000	4.700	0.000	0.000	0.000	0.000	3.286	4.530	0.000	0.000	0.000	0.000	0.000	0.000	12.562	0.000	5.068	0.000	0.000	7.964	5.033	0.000	0.000	0.000	0.000	0.000	1.849	0.000	0.000	0.000	0.000	14.594	0.000	0.000	0.000	0.000	0.000	0.000	0.000	0.000	0.000	0.000	0.000	0.000	0.000	0.000	8.430	5.529	17.968	0.000	0.919	0.000	9.984	0.000	0.000	3.411	0.000	1.197	1.033	0.000	0.000	0.000	8.108	0.000	13.446	145.363	33.596	8.082	0.000	0.000	0.000	21.483	0.000
0	0	0	0	0	0.000	4.767	6.833	0.000	17.212	0.000	0.000	0.000	13.967	0.000	0.000	0.000	0.000	12.425	1.493	0.000	0.000	12.664	0.000	0.978	4.205	20.465	0.000	5.314	3.724	0.000	0.000	0.000	0.000	0.000	0.000	0.000	0.000	0.000	0.000	0.000	10.870	3.599	3.194	0.000	0.000	0.000	0.000	4.610	0.000	0.000	0.000	0.000	9.426	0.000	9.911	12.873	4.329	1.821	0.000	0.000	5.014	11.849	3.743	0.000	8.335	0.000	27.426	0.000	0.000	9.418	1.364	0.000	12.822	0.000	20.881	0.000	5.843	0.000	0.000	4.118	0.000	0.000	19.607	4.174	4.334	10.138	3.348	9.634	2.942	0.000	2.230	0.000	0.000	0.000	7.039	0.000	0.000	0.000	0.000	14.437	0.000	14.707	13.893	0.000	6.372	17.336	12.617	0.000	10.759	0.000	0.000	0.000	0.000	0.000	3.152	0.000	5.333	7.918	0.000	22.648	0.000	0.000	0.000	0.000	3.551	0.000	0.000	0.000	0.000	0.000	0.000	0.000	7.727	2.724	0.000	0.000	16.478	7.205	0.000	0.000	0.000	3.450	2.042	0.000	0.000	0.000	17.662	0.957	5.651	6.446	0.000	0.000	0.000	13.994	0.000	2.269	0.000	10.619	20.518	21.767	0
0	0	0	0	0	0.000	0.000	0.000	0.000	9.777	0.000	0.000	22.116	0.000	0.000	0.000	23.072	7.764	12.047	0.000	16.802	0.000	5.766	18.469	11.594	13.864	0.000	0.000	0.000	0.000	7.036	0.000	0.000	0.000	0.000	0.000	0.000	0.000	0.967	0.000	0.000	0.000	3.067	0.000	0.000	0.000	0.000	0.000	0.770	1.874	3.391	0.000	4.750	1.239	2.839	0.000	7.593	0.000	3.449	2.618	3.355	5.492	0.000	0.000	0.000	0.000	0.000	0.000	0.000	0.000	0.000	8.086	0.000	0.000	0.000	9.987	16.649	11.853	7.382	0.000	7.712	15.120	2.424	7.349	16.382	13.942	0.000	14.694	7.060	1.320	0.000	2.509	0.000	8.247	7.200	0.000	4.417	7.048	0.000	3.097	0.000	0.000	16.345	8.106	0.000	8.438	0.000	11.048	7.684	0.000	0.000	10.578	0.000	0.000	0.000	0.000	7.264	0.796	10.212	0.000	16.720	5.847	0.000	0.000	0.000	0.000	0.000	0.000	0.000	0.000	0.000	12.188	11.946	0.000	10.384	0.787	26.802	0.767	0.000	6.194	2.171	15.837	0.000	0.000	26.958	0.823	0.000	0.000	0.000	2.419	8.677	0.000	4.261	25.906	45.389	1.009	13.790	0.000	9.310	13.606	0.000	0
0	0	0	0	0	0.000	21.284	0.000	0.000	0.000	37.442	0.000	18.422	0.000	0.000	0.000	11.298	2.957	0.991	1.462	0.000	0.000	0.000	0.000	20.646	14.656	0.000	5.821	3.390	0.000	20.625	0.702	0.000	0.000	0.000	0.000	0.000	0.000	0.000	0.000	0.000	3.997	0.000	16.505	0.000	0.000	2.848	4.261	0.000	0.000	0.000	0.000	19.625	0.000	12.729	0.000	1.153	7.913	9.657	1.406	1.976	5.531	1.790	0.000	4.099	0.000	0.000	0.000	13.479	0.000	10.627	3.079	0.000	16.646	2.464	16.323	0.877	0.000	0.000	13.705	16.923	0.000	17.274	0.000	2.350	12.900	0.000	0.000	2.766	0.000	21.437	0.000	0.000	0.000	0.000	0.000	0.000	0.000	14.091	11.915	0.000	6.932	12.953	18.292	0.000	0.000	0.000	0.000	9.454	15.342	0.000	0.000	7.856	7.245	21.034	4.639	14.210	7.702	0.000	14.473	0.000	16.912	0.000	0.000	0.000	4.485	0.000	0.000	0.000	0.000	0.000	0.000	0.000	0.000	0.000	0.000	0.000	0.000	6.543	24.940	0.895	0.000	6.208	0.000	20.052	2.506	0.000	0.000	0.000	10.547	1.055	0.987	0.000	5.555	9.593	0.000	29.313	0.000	0.000	9.359	0.000	0
0	0	0	0	0	0.000	0.000	0.000	0.000	0.000	0.000	33.564	8.329	0.000	0.000	0.000	6.697	5.587	12.629	0.000	1.567	0.000	0.000	0.000	0.000	16.856	19.502	1.404	0.000	0.000	0.000	26.189	0.000	0.000	0.000	0.000	0.000	0.000	0.000	0.000	7.900	0.000	0.000	12.753	0.000	0.000	0.000	8.937	0.000	1.144	0.000	0.000	0.000	0.000	0.000	0.000	0.000	18.399	7.272	0.000	0.000	5.750	0.000	11.697	0.000	0.000	0.000	0.000	0.000	8.312	0.000	0.000	4.245	0.000	0.000	1.226	0.000	9.058	0.887	8.091	0.000	27.703	0.000	0.913	6.448	0.000	5.989	0.000	26.337	0.000	16.127	8.855	0.000	15.703	0.000	0.000	5.734	0.000	0.000	7.070	0.000	0.000	0.000	5.868	0.731	0.664	5.057	0.000	17.884	21.221	0.000	8.910	0.000	1.005	7.120	0.000	0.000	0.000	0.000	4.457	0.000	0.000	0.000	0.000	0.000	0.000	0.000	0.658	0.000	0.000	0.000	4.121	0.000	0.000	0.000	0.000	0.000	7.798	0.821	0.000	2.797	0.000	1.292	0.000	2.669	0.000	2.241	9.194	7.498	0.000	0.000	11.007	3.686	0.000	3.322	1.471	7.677	0.000	5.168	25.701	5.949	0
0	0	0	0	0	0.000	12.146	0.000	0.000	14.507	0.000	18.602	8.687	0.000	0.000	0.000	0.000	4.239	0.000	0.000	0.000	1.408	10.567	0.000	0.000	3.423	10.745	0.000	10.346	0.000	17.465	0.000	0.000	0.000	3.185	0.000	0.000	0.998	0.000	0.000	0.000	0.000	0.000	0.000	0.000	0.000	0.000	12.241	0.000	0.000	6.993	0.000	0.000	0.000	0.000	0.000	0.000	1.375	0.956	0.000	15.870	4.979	7.139	4.984	2.838	0.000	0.000	10.550	7.428	0.000	15.186	0.000	0.000	7.414	16.124	0.000	16.026	0.000	3.715	0.000	0.000	0.000	0.000	0.000	5.002	0.000	0.000	0.000	22.411	24.995	7.394	3.730	6.043	0.000	0.000	0.000	4.865	17.152	0.000	3.040	14.249	0.000	8.376	0.000	16.658	14.256	12.381	2.516	0.000	0.000	0.000	2.396	2.106	5.813	0.000	0.000	0.000	0.000	12.734	0.000	0.000	0.000	0.000	0.000	0.679	0.000	0.000	0.000	0.000	0.000	0.000	3.759	14.729	8.134	0.000	0.000	0.000	20.802	20.262	5.066	0.000	14.282	0.000	0.000	0.000	2.969	0.000	6.823	0.000	0.000	0.000	11.274	11.558	0.000	0.000	0.994	0.000	4.838	24.143	18.071	0.000	0
0	0	0	0	0	0	0.000	0.000	19.732	6.153	5.357	0.000	0.000	14.695	0.000	0.000	0.000	13.193	0.000	0.000	8.423	0.000	0.000	0.000	0.000	0.000	0.000	0.000	6.639	0.000	0.000	21.631	0.000	0.000	0.000	0.000	0.000	0.000	0.000	0.000	0.000	0.000	0.000	0.000	0.000	0.000	5.836	0.000	0.000	0.000	0.000	0.000	0.000	2.315	5.656	0.000	0.000	0.000	8.767	0.000	0.715	2.926	21.937	11.844	13.104	21.167	9.634	0.000	0.000	0.000	13.339	1.175	0.000	0.000	7.809	11.659	0.000	0.000	0.000	0.000	0.000	0.000	15.335	0.000	0.000	0.000	29.318	0.000	0.000	0.000	18.861	16.536	12.515	4.581	0.000	0.000	0.000	5.843	0.000	17.069	0.000	8.603	0.000	0.000	16.144	0.000	3.101	0.000	14.365	10.612	2.416	0.000	0.000	9.415	0.000	0.000	0.000	0.000	8.113	13.584	0.000	0.000	0.000	0.000	0.000	0.000	0.000	12.649	0.000	0.000	0.000	10.941	0.000	1.924	27.111	0.000	0.000	25.674	5.770	1.698	9.427	0.000	0.000	0.000	0.000	0.000	5.338	0.000	0.000	15.907	0.000	0.000	0.000	7.327	0.000	17.035	2.246	0.000	0.000	34.823	0	0
0	0	0	0	0	0	0.000	1.854	0.000	10.273	0.000	14.748	8.390	0.000	0.000	1.671	0.000	22.036	20.066	16.554	18.890	16.785	0.000	0.000	0.000	12.145	9.808	0.000	9.855	17.942	0.000	0.000	23.121	0.000	19.802	14.719	14.827	4.730	0.000	0.000	0.000	0.000	0.000	0.000	0.000	0.000	3.498	6.300	0.000	5.823	0.000	23.957	0.000	0.000	0.763	0.000	0.000	3.221	0.000	21.059	0.000	10.768	2.284	0.909	27.313	0.000	0.000	0.000	0.000	0.000	8.071	0.740	0.000	0.000	0.000	22.964	18.522	0.000	0.000	0.000	0.000	0.000	4.839	0.917	0.000	17.793	0.000	6.557	9.340	0.000	0.000	0.000	0.000	20.145	0.000	0.000	0.000	0.000	4.479	0.000	0.000	0.916	0.000	16.338	3.857	0.000	0.000	0.000	0.000	0.000	2.141	10.367	0.000	18.654	1.073	0.000	0.000	0.000	0.000	0.000	0.000	0.000	0.000	0.000	0.000	0.000	0.000	0.623	0.000	0.000	6.738	0.000	24.007	0.000	0.000	0.000	0.000	0.000	16.025	17.439	0.868	5.076	1.200	0.000	0.000	12.959	0.000	0.000	2.703	0.000	0.000	0.000	4.311	0.000	0.000	2.175	23.407	5.931	0.000	21.671	0	0
0	0	0	0	0	0	0.000	21.272	5.775	4.326	0.000	0.991	12.221	0.000	11.478	0.000	0.000	0.000	0.000	0.000	0.000	9.453	17.960	0.000	0.000	0.000	0.000	0.000	3.561	20.522	0.000	0.000	0.000	0.989	0.000	21.337	30.568	0.000	0.000	0.000	0.000	0.000	0.000	0.000	0.000	0.000	0.000	20.155	0.000	0.000	0.000	0.000	10.152	0.000	0.000	3.359	0.000	15.910	2.084	0.000	33.210	0.000	10.107	10.577	1.074	0.000	12.966	0.000	0.000	12.741	0.000	8.445	8.242	20.095	0.000	0.000	5.002	6.224	0.000	0.000	7.963	13.783	0.000	2.277	0.000	0.000	0.000	0.000	0.000	13.113	63.680	15.144	7.142	9.395	13.870	15.432	0.000	0.000	0.808	6.360	0.000	0.000	6.500	0.000	0.000	0.000	17.437	6.521	3.210	0.811	0.000	0.000	0.000	0.000	0.000	0.000	0.000	16.327	0.000	0.000	0.000	0.000	9.093	0.000	2.921	0.000	0.000	14.861	0.000	0.000	0.707	0.000	0.000	0.000	0.000	9.324	2.140	3.299	0.000	0.000	11.577	0.000	9.541	0.000	0.000	3.698	18.794	27.270	0.000	19.492	0.000	0.000	0.000	14.672	20.311	11.263	0.000	7.179	21.102	0.000	0	0
0	0	0	0	0	0	0	0.000	14.072	4.923	24.424	16.045	13.713	0.000	0.000	0.000	8.530	0.000	0.000	0.000	0.000	24.604	15.471	0.000	0.000	13.128	2.866	0.000	0.000	0.000	17.067	11.659	0.000	0.000	0.000	9.057	0.000	0.000	6.830	0.000	0.000	0.000	0.000	0.000	0.000	0.000	0.000	0.000	2.806	0.000	0.000	0.000	6.517	8.273	0.000	0.000	0.000	0.000	0.000	0.000	0.000	32.903	7.894	0.000	0.000	0.000	12.593	0.000	7.223	9.749	24.248	0.000	14.371	0.000	8.036	0.000	10.210	5.388	0.000	27.968	0.000	0.000	13.260	2.244	12.953	0.000	0.000	0.000	0.000	0.000	12.653	0.000	0.000	0.000	0.000	0.000	0.000	0.000	0.000	2.580	0.000	5.125	0.000	0.000	0.000	17.497	0.000	0.000	4.825	6.467	0.000	0.000	0.000	0.000	3.712	0.000	7.758	0.000	0.000	0.000	0.000	0.000	2.979	1.603	0.000	0.000	0.000	5.500	0.000	4.188	0.000	0.000	14.847	25.288	0.000	0.000	14.513	0.000	0.000	0.000	0.000	1.204	13.745	0.000	0.000	0.000	0.000	16.171	0.000	0.000	0.000	4.580	25.190	1.275	6.737	11.023	50.255	22.403	24.508	0	0	0
0	0	0	0	0	0	0.000	5.645	9.879	10.630	0.000	7.105	5.592	4.163	0.000	12.821	3.465	0.000	0.000	9.879	6.768	0.000	0.000	0.000	0.000	11.263	12.026	1.382	0.000	0.000	6.093	4.266	13.656	1.359	0.000	0.000	5.539	0.000	0.000	0.000	0.000	0.000	0.000	2.842	0.000	0.000	0.000	0.000	8.869	21.070	0.000	0.000	5.537	0.000	0.000	0.000	0.000	13.302	14.061	3.979	1.438	0.000	0.000	0.000	0.000	9.585	3.690	0.000	0.000	2.649	0.000	0.000	12.843	0.000	2.819	16.193	4.411	0.000	0.000	28.892	0.000	0.000	8.897	2.468	0.000	0.000	22.172	9.695	6.659	16.537	0.000	0.000	13.788	0.000	0.000	15.237	0.000	7.422	4.822	6.042	0.681	0.000	22.506	0.000	0.000	4.393	0.000	8.297	0.000	0.000	0.000	0.000	0.000	0.000	7.866	0.000	6.582	0.000	0.000	5.495	0.000	0.000	0.000	0.000	0.000	6.141	0.000	0.000	0.000	0.000	6.063	0.000	12.227	0.000	15.049	0.000	0.000	0.000	4.734	15.257	25.920	0.000	0.000	0.000	2.522	8.724	11.774	4.808	0.000	0.000	0.000	0.000	5.378	0.000	19.211	14.739	19.937	34.307	7.633	0	0	0
0	0	0	0	0	0	0.000	0.000	0.000	27.073	8.503	12.389	16.825	0.000	0.000	0.000	9.251	0.000	10.057	19.686	0.000	0.000	2.338	0.000	4.191	0.000	0.000	33.230	0.000	0.000	0.000	2.393	0.000	0.000	0.000	0.000	6.743	3.478	10.743	0.000	0.000	2.968	0.000	0.000	0.000	0.000	0.000	0.000	0.000	0.000	0.000	2.193	20.145	0.000	0.000	19.738	0.000	0.819	1.488	0.000	0.000	0.000	3.439	9.095	0.000	4.432	0.000	0.000	2.154	2.640	14.003	0.000	0.000	8.264	35.625	0.778	16.394	10.530	7.186	4.809	0.000	9.841	0.851	4.089	0.000	0.000	14.285	7.923	0.000	20.209	8.269	2.502	0.000	0.000	0.000	53.754	4.245	0.000	0.000	6.348	0.000	13.214	2.868	10.189	0.000	0.000	0.000	0.000	1.210	0.000	0.000	5.328	0.000	7.517	11.523	0.000	0.000	0.000	0.000	0.000	0.000	0.626	0.000	6.316	0.000	5.950	0.000	0.000	0.000	15.659	0.000	9.815	26.650	14.547	0.000	0.000	0.000	0.937	0.000	0.000	7.212	11.363	2.581	0.000	0.000	0.000	0.000	0.000	0.000	0.000	0.000	2.643	0.000	9.750	0.000	14.647	3.741	31.530	0.000	0	0	0
0	0	0	0	0	0	0	0	0.000	38.071	8.058	30.126	5.680	0.000	0.000	21.269	0.000	11.264	9.735	7.237	7.210	0.000	0.000	4.466	0.000	0.000	7.769	19.701	14.131	8.502	12.553	1.139	0.000	0.000	8.990	0.850	0.736	0.851	0.000	16.968	0.000	0.000	0.000	0.000	0.000	0.000	0.000	0.000	0.000	0.000	0.000	0.000	0.828	0.000	6.801	0.000	5.914	26.318	0.000	0.000	0.000	3.853	0.000	0.000	4.456	0.000	0.000	0.000	0.000	4.562	25.787	0.000	14.704	0.000	0.000	1.740	7.090	7.977	3.926	13.872	8.788	0.000	0.000	0.000	0.000	21.135	0.000	17.627	0.000	0.000	9.388	0.000	0.000	7.771	0.000	16.633	0.000	2.063	0.000	0.000	4.761	0.000	15.741	8.421	5.584	0.000	0.000	0.000	0.000	0.000	13.850	5.840	0.769	0.000	0.000	0.000	0.000	7.855	0.000	0.000	14.000	0.000	0.000	4.334	0.000	0.000	11.484	0.000	0.000	0.000	0.000	11.849	13.972	0.000	0.000	9.233	3.594	7.541	7.172	0.000	0.000	2.396	0.000	0.000	0.000	23.575	0.000	0.000	2.123	0.000	0.000	8.043	11.920	4.387	2.409	0.000	0.000	0.000	0.000	0	0	0
0	0	0	0	0	0	0	0	0	0.000	0.000	34.885	0.000	5.726	0.000	0.000	0.000	18.324	5.735	0.000	0.000	1.659	0.000	0.000	0.000	14.616	0.000	14.747	7.793	4.809	17.052	0.000	0.000	11.981	28.164	29.862	0.000	0.000	0.000	0.000	20.790	15.829	0.000	0.000	0.000	0.935	0.000	0.000	0.000	0.000	0.000	0.000	0.000	4.270	7.036	7.634	1.236	0.000	0.000	0.000	0.000	0.000	0.000	6.664	1.144	0.000	0.000	0.000	0.000	6.127	1.189	14.554	1.679	0.000	0.000	0.000	0.680	0.996	13.194	0.000	0.000	7.773	0.000	19.457	6.242	18.003	5.889	0.000	0.000	9.492	14.930	0.000	4.373	0.000	0.000	0.966	8.829	8.762	0.000	12.084	18.675	0.000	0.000	0.000	6.390	0.000	0.000	0.000	0.000	7.608	27.494	0.000	0.000	0.000	0.000	0.000	0.000	0.000	0.000	0.000	0.000	0.000	0.000	10.672	0.000	10.155	2.968	14.999	6.185	17.830	10.335	7.667	16.818	0.000	4.891	15.305	0.000	14.714	14.880	1.997	30.485	5.058	6.118	0.000	0.000	10.219	10.852	3.548	26.698	0.000	21.981	0.000	0.000	0.000	13.208	16.980	14.443	28.950	0.000	0	0	0
0	0	0	0	0	0	0	0	0	0	0.000	0.000	3.541	0.000	0.000	0.000	3.544	0.000	16.254	0.000	0.000	0.000	3.004	0.000	0.000	3.818	0.000	0.000	4.742	0.000	0.000	7.276	0.000	0.000	23.963	0.000	0.000	0.000	4.432	0.000	0.000	0.000	0.000	4.466	0.000	0.000	0.000	0.000	8.892	0.000	0.000	0.000	0.000	0.000	0.000	21.524	0.000	0.000	2.879	0.000	0.000	6.642	5.998	1.775	0.000	4.010	11.708	0.000	2.773	0.000	0.000	0.000	0.000	7.752	1.100	6.527	0.000	2.321	15.943	8.979	0.000	11.524	13.585	0.000	3.753	0.000	7.097	18.240	10.419	15.605	0.000	0.000	0.000	0.000	15.886	0.000	0.000	0.000	0.000	2.485	3.792	0.000	0.000	0.000	0.000	0.000	7.475	21.442	0.000	21.262	5.644	0.000	140.258	0.000	0.000	0.769	0.000	0.000	0.000	1.716	0.000	0.000	0.000	3.252	0.000	18.764	0.000	28.190	6.822	1.380	4.344	0.000	0.000	0.000	0.821	0.000	0.000	24.989	0.000	18.585	1.343	0.796	0.000	0.000	0.000	16.311	0.000	1.329	17.574	23.310	8.058	0.000	19.315	19.794	14.566	0.000	0.000	39.565	10.567	0	0	0
0	0	0	0	0	0	0	0	0	0	0.000	7.233	8.884	10.232	0.000	6.499	0.000	0.000	0.000	17.396	0.000	12.528	11.917	12.771	1.609	22.791	0.000	6.362	33.228	14.997	13.792	2.752	24.224	0.000	19.280	17.925	0.000	0.000	1.174	0.000	0.000	0.855	5.075	0.000	13.696	0.000	0.000	0.000	2.236	18.991	0.000	0.000	0.000	0.000	0.000	0.000	0.000	13.541	10.073	0.000	0.000	0.000	0.000	0.000	0.000	0.000	0.000	7.781	5.113	16.415	0.000	10.308	0.000	0.000	0.000	0.000	1.751	0.000	6.021	2.687	10.866	0.000	1.440	12.531	6.385	0.000	0.000	10.531	0.000	0.000	0.000	0.000	0.000	1.723	20.676	33.827	0.000	0.000	0.000	0.000	9.592	0.000	0.000	0.000	0.000	0.000	0.779	27.773	0.000	0.000	0.000	0.000	0.000	0.000	0.000	0.000	0.000	19.871	13.521	0.000	7.823	0.000	0.000	0.000	0.000	6.452	19.551	19.021	0.000	9.170	0.000	0.000	20.144	0.000	0.000	7.342	0.000	5.938	0.000	10.730	10.613	12.723	0.000	6.512	0.000	0.000	2.601	0.000	17.195	16.009	0.000	0.000	0.000	0.796	28.074	6.369	0.000	21.996	0.000	0	0	0
0	0	0	0	0	0	0	0	0	0	0	0.000	0.000	0.000	0.000	16.435	0.000	23.349	0.000	10.208	0.000	0.000	2.499	25.413	13.717	2.149	0.000	0.000	2.688	7.602	9.572	0.831	9.903	0.000	29.011	21.651	0.000	2.365	22.814	0.000	0.840	0.000	12.398	0.000	0.000	0.000	0.000	0.000	2.051	17.053	14.681	0.000	0.000	0.000	7.723	0.000	0.000	0.000	1.174	10.700	26.243	6.204	3.217	0.000	0.000	1.906	0.000	0.000	7.221	0.000	6.734	0.000	18.206	0.000	0.000	12.064	23.891	0.000	0.000	8.403	3.425	0.990	10.940	18.834	0.000	8.377	0.000	12.650	8.241	13.149	0.000	0.000	0.000	0.000	26.318	17.108	0.000	16.734	21.568	0.000	0.000	0.877	0.000	9.061	0.000	35.559	16.785	4.434	0.000	0.000	0.000	0.000	10.019	0.000	0.000	27.826	9.828	5.991	7.209	5.070	0.000	0.000	10.591	6.802	14.642	23.095	0.000	12.630	0.000	0.000	0.000	14.773	0.000	0.000	24.871	12.052	0.000	17.491	0.000	8.550	0.000	0.000	0.000	0.000	9.182	14.662	23.001	9.750	5.391	4.043	11.267	1.532	0.000	39.686	0.000	0.000	4.047	9.129	0	0	0	0
0	0	0	0	0	0	0	0	0	0	0	0.000	27.314	0.000	0.000	0.000	0.000	0.000	8.672	13.380	0.957	0.000	1.454	0.000	8.883	19.927	0.000	0.000	0.000	12.319	0.000	0.000	0.000	0.000	0.000	0.000	6.862	0.000	0.000	0.000	0.000	2.404	0.000	0.000	0.000	0.000	0.000	0.000	9.742	0.000	9.195	0.000	6.420	0.000	9.931	0.000	0.000	0.000	0.000	0.000	2.637	2.342	8.581	6.070	0.000	14.800	16.148	5.006	22.279	4.044	3.856	25.641	3.118	25.457	11.108	0.000	0.000	0.000	0.000	0.000	3.953	2.924	7.647	0.000	23.724	12.823	0.000	6.002	19.002	17.089	20.974	0.000	0.000	2.960	8.509	0.000	0.000	20.572	27.397	8.399	3.237	11.533	0.000	16.123	0.000	12.058	0.000	0.000	5.221	2.311	3.351	4.710	30.851	0.000	0.000	0.000	0.000	8.025	0.000	0.000	0.000	0.000	6.326	10.659	19.296	0.000	7.102	14.733	10.885	0.000	16.268	0.000	7.577	0.000	4.031	6.405	2.289	9.020	3.294	0.000	5.275	26.894	3.674	10.791	12.610	22.594	0.000	14.848	0.000	8.724	2.843	7.322	0.000	2.471	11.468	11.024	35.476	10.044	0	0	0	0
0	0	0	0	0	0	0	0	0	0	0	0.000	19.090	15.661	0.000	0.000	0.000	0.000	3.932	13.286	28.100	0.000	0.000	2.518	0.000	0.000	1.442	12.172	16.486	2.375	14.013	7.474	0.000	6.574	0.000	0.000	0.000	25.459	0.000	0.000	0.000	0.000	1.907	3.363	0.000	5.695	5.968	0.000	7.099	7.734	11.907	17.025	3.681	4.577	11.845	0.000	0.000	0.760	2.515	10.878	0.000	10.620	8.882	4.710	4.400	0.000	0.000	8.299	6.620	1.477	10.288	8.367	9.816	0.000	9.002	14.346	53.328	3.170	0.000	1.693	17.391	4.695	0.000	27.558	2.588	0.000	6.483	12.364	0.000	2.442	0.000	13.386	1.157	2.254	8.335	0.882	14.136	0.000	18.226	0.000	11.359	0.000	19.401	0.000	7.347	0.000	15.285	0.000	1.901	8.242	0.000	4.984	0.000	0.000	11.071	7.723	0.793	0.000	0.000	0.000	0.000	6.744	0.000	2.255	9.661	7.168	0.000	0.000	22.506	13.273	7.584	0.000	0.000	0.000	5.318	0.000	14.307	0.000	0.000	0.000	0.000	0.953	0.000	10.271	2.372	20.138	0.000	0.000	0.000	0.000	10.680	0.000	0.000	0.000	5.627	0.000	27.965	0.000	0	0	0	0
0	0	0	0	0	0	0	0	0	0	0	0.000	13.829	6.707	0.000	0.000	0.000	8.203	0.000	0.000	0.000	7.650	10.151	11.320	12.123	0.000	0.000	0.000	9.869	12.616	0.000	35.279	0.000	3.569	0.000	0.937	0.000	5.214	0.000	25.494	0.000	0.000	0.000	0.000	8.002	12.225	15.875	2.909	2.943	9.403	15.395	6.016	0.000	0.000	0.000	12.111	0.000	0.000	0.000	0.000	3.551	0.000	0.000	4.047	0.000	0.000	0.000	0.000	0.000	0.000	3.740	14.571	2.147	5.931	31.932	0.000	7.712	0.000	10.048	12.013	0.000	19.786	0.000	3.182	0.000	0.000	0.000	0.000	0.000	0.000	0.000	0.000	13.736	0.000	0.000	0.000	0.000	8.466	4.211	0.000	0.000	0.000	0.836	0.000	22.578	0.000	0.000	0.000	3.774	10.931	0.000	1.961	3.307	0.000	0.000	7.824	4.108	4.608	0.000	0.000	0.000	24.087	0.000	3.130	8.130	12.837	6.358	3.012	3.229	0.000	22.788	16.684	14.427	0.000	2.558	13.612	0.000	12.148	0.000	0.000	11.308	0.000	0.000	2.717	0.000	0.000	0.000	0.000	0.000	0.000	0.000	0.000	11.106	0.000	22.730	13.742	32.057	0.000	0	0	0	0
0	0	0	0	0	0	0	0	0	0	0	0	0.000	0.000	0.000	0.000	20.671	0.000	0.000	2.149	0.000	0.000	0.000	7.633	0.000	15.311	11.805	0.000	0.000	10.807	18.336	0.000	7.754	14.541	12.860	3.142	18.615	5.699	4.372	16.133	31.581	8.798	30.383	0.000	3.845	12.446	0.000	6.373	0.000	0.000	0.000	0.000	18.341	0.000	0.000	3.162	1.921	0.000	7.219	0.000	0.000	1.910	0.000	0.000	12.015	7.810	13.054	13.506	4.565	13.236	24.254	0.000	0.000	21.493	2.492	3.640	8.756	0.000	10.322	17.857	24.232	4.891	16.270	0.000	0.000	0.000	0.000	4.442	12.944	0.830	18.347	8.287	0.000	20.019	26.706	0.000	0.843	15.746	1.888	8.484	0.000	21.440	0.000	17.721	0.000	0.000	0.000	5.347	0.000	0.000	0.000	0.000	0.000	7.106	0.000	0.000	0.000	0.000	8.647	23.078	9.774	0.000	22.332	10.761	0.000	0.000	1.447	5.502	0.000	0.000	0.000	0.000	0.000	5.231	0.000	0.000	2.733	0.000	9.544	0.000	6.317	0.000	0.000	0.000	0.000	17.375	1.302	5.538	10.142	27.035	0.000	0.000	0.000	0.000	0.000	23.362	42.679	0	0	0	0	0
0	0	0	0	0	0	0	0	0	0	0	0	4.499	8.783	0.000	9.680	0.000	0.000	0.000	8.999	0.000	0.000	0.000	2.347	7.956	5.284	0.000	0.000	0.000	13.250	0.000	0.000	0.000	1.025	0.000	11.833	10.348	2.188	10.951	11.925	28.646	0.000	0.000	0.000	0.000	7.474	0.000	0.000	0.000	0.000	5.794	13.683	2.150	0.000	0.000	0.774	5.722	1.008	11.713	3.172	8.562	0.000	0.000	0.000	0.000	12.691	0.000	17.429	0.000	1.282	0.000	0.000	0.000	0.000	16.037	3.634	0.000	3.640	8.354	13.285	15.420	2.183	25.504	8.359	0.000	10.464	31.171	3.558	0.000	9.514	8.383	18.217	10.969	1.922	0.000	0.000	24.611	5.366	0.000	4.408	0.000	0.000	0.000	0.000	2.826	2.074	7.381	0.000	0.000	0.000	0.000	4.008	0.000	0.000	0.000	1.601	2.078	9.627	8.456	10.962	3.006	13.172	11.173	0.000	6.083	18.448	15.772	3.977	0.000	0.000	0.000	9.444	0.000	17.339	0.000	0.000	0.000	15.514	3.003	3.721	10.660	0.000	0.000	4.598	0.000	0.000	20.276	21.587	0.000	5.424	0.000	0.000	0.920	0.000	13.196	4.445	0.000	0	0	0	0	0
0	0	0	0	0	0	0	0	0	0	0	0	0.000	5.338	0.000	0.000	0.000	0.000	0.000	0.000	6.367	0.000	0.000	0.000	1.121	3.355	0.000	1.480	6.507	9.978	0.000	12.257	0.000	0.000	27.065	0.000	0.000	20.164	0.000	6.911	17.010	25.357	0.000	0.000	15.135	0.000	0.000	1.634	2.249	0.000	10.247	17.256	0.000	4.272	0.000	0.000	0.000	0.960	3.493	0.000	19.406	2.502	0.000	0.000	15.376	11.720	0.000	0.000	0.000	12.035	2.443	6.110	12.457	11.782	12.687	0.000	0.000	5.009	0.000	0.000	6.104	16.297	0.000	9.091	0.000	3.498	0.000	0.000	0.000	0.000	8.084	12.794	1.100	0.000	8.613	2.841	0.000	0.000	0.000	0.000	3.329	13.850	0.000	0.000	4.407	0.000	0.000	15.912	4.209	0.000	1.202	7.568	0.000	6.862	0.000	27.194	0.000	0.000	4.667	0.000	0.000	0.000	24.496	12.455	7.074	12.792	10.591	5.292	22.293	19.673	6.154	0.000	0.000	12.249	5.857	0.921	21.672	0.000	0.000	10.795	0.000	27.456	32.780	4.540	0.000	0.000	2.670	3.666	14.724	1.511	7.503	8.383	4.229	0.000	10.669	35.629	0.000	0	0	0	0	0
0	0	0	0	0	0	0	0	0	0	0	0	14.765	43.155	0.000	19.989	0.000	0.000	0.000	0.000	2.703	0.000	0.000	0.000	0.000	7.990	0.000	5.756	5.641	0.000	4.555	0.000	0.000	36.584	0.000	0.000	0.000	0.000	0.000	0.000	18.411	0.000	0.000	0.000	9.954	15.771	0.000	0.000	0.000	24.147	4.769	0.000	0.000	0.000	0.000	0.000	0.000	6.585	0.000	6.069	0.000	0.000	3.559	12.112	7.253	3.924	6.708	0.000	0.000	0.839	9.356	0.000	0.000	0.000	5.648	0.000	0.000	4.423	21.569	3.924	0.000	0.000	0.000	0.000	0.000	4.210	18.719	0.000	0.000	17.152	0.000	0.000	1.366	0.000	0.000	8.485	0.000	0.000	0.000	6.411	0.893	0.000	0.000	0.000	12.356	2.128	0.000	0.000	3.585	0.000	0.000	21.356	6.686	3.526	4.865	2.792	36.144	7.839	26.323	0.000	0.000	23.969	0.000	3.292	0.000	0.000	13.783	4.284	0.000	4.942	0.000	3.093	6.051	24.851	0.000	2.558	0.000	8.086	24.093	0.000	0.000	0.000	9.772	0.000	0.000	0.000	0.000	0.000	0.000	0.000	0.000	4.349	0.000	32.991	18.243	11.718	0	0	0	0	0	0
0	0	0	0	0	0	0	0	0	0	0	0	0	15.976	10.867	0.000	1.037	0.000	0.000	0.000	27.714	0.000	0.000	0.000	0.000	0.000	0.000	0.000	0.000	3.653	0.000	0.000	8.492	22.662	11.425	1.473	0.000	0.000	0.000	0.000	15.724	6.495	9.173	0.000	5.808	0.000	11.932	7.477	3.853	20.803	36.237	0.000	15.470	9.698	0.000	0.000	0.000	0.000	0.000	0.911	0.000	2.393	0.000	0.000	11.297	0.000	0.000	0.000	2.526	2.161	6.569	10.000	0.706	17.060	0.000	0.000	6.354	13.500	0.000	0.000	0.000	0.000	0.000	10.885	0.000	2.467	0.000	20.476	0.000	2.090	19.573	0.000	0.000	2.320	9.366	7.174	0.866	11.245	9.362	0.000	9.431	0.000	0.000	0.000	0.000	0.000	0.000	0.000	0.000	0.000	0.000	0.000	0.000	7.738	8.240	0.000	0.000	12.666	1.005	0.000	0.000	0.000	12.697	2.122	0.000	12.449	5.568	24.037	14.196	3.842	25.188	12.508	13.337	0.000	8.831	0.000	3.252	10.675	0.000	0.000	0.000	3.053	0.000	11.396	0.994	8.303	0.000	0.000	0.000	0.000	0.000	0.000	0.000	28.055	14.927	0.000	0	0	0	0	0	0
0	0	0	0	0	0	0	0	0	0	0	0	0	0.000	12.003	25.602	11.899	5.674	0.000	0.000	0.000	1.635	0.000	0.000	0.000	0.000	0.000	9.476	6.312	8.665	8.737	0.000	25.185	0.000	0.000	0.000	0.000	0.000	0.000	0.000	0.000	30.081	0.000	19.940	3.977	0.000	3.535	0.000	0.000	13.441	0.000	5.012	2.218	0.000	0.000	14.392	6.338	0.000	0.000	29.096	0.000	0.000	0.000	0.000	0.000	0.000	0.000	0.000	0.000	8.772	8.882	8.702	7.428	8.060	0.940	4.707	0.000	0.000	0.000	0.000	0.000	0.000	0.000	0.000	0.000	0.959	0.000	0.000	2.722	0.000	0.000	0.000	12.694	0.000	0.000	18.766	0.000	12.440	9.235	0.000	4.494	0.000	0.000	0.000	0.000	0.000	0.000	0.000	28.887	0.000	17.700	17.721	6.033	10.256	0.000	0.000	9.566	0.000	0.000	0.000	18.450	0.000	5.367	0.000	0.000	0.000	0.000	6.568	0.000	0.000	14.684	0.000	6.357	1.406	0.000	0.000	0.000	0.000	0.000	0.000	0.000	0.000	0.000	10.042	12.962	0.000	5.470	3.814	1.017	0.000	1.326	0.856	19.992	1.671	3.890	0	0	0	0	0	0	0
0	0	0	0	0	0	0	0	0	0	0	0	0	0.000	24.771	26.806	0.000	0.000	0.000	0.000	0.000	0.000	0.000	0.000	0.000	2.932	0.000	15.302	0.000	0.000	0.000	0.000	2.039	0.000	0.000	1.178	16.006	0.000	12.364	0.000	0.000	0.000	0.000	0.000	6.608	0.000	0.000	1.020	4.961	3.328	0.000	27.753	0.000	12.272	0.000	14.228	0.000	1.322	3.605	3.433	0.000	0.000	0.000	7.923	0.000	0.000	0.000	0.000	0.000	0.000	0.000	0.000	0.000	0.000	10.193	23.927	0.000	7.730	2.599	2.282	37.493	12.611	0.000	0.000	0.000	0.000	21.002	0.000	7.482	0.000	0.000	0.000	8.047	1.373	1.284	0.000	0.000	0.000	0.000	0.000	0.000	9.155	7.243	6.339	0.000	0.000	0.000	0.000	12.088	13.044	9.204	22.256	0.000	0.000	31.003	9.404	10.454	0.945	31.399	0.000	17.207	0.000	12.862	0.000	0.000	0.935	2.819	0.000	0.000	0.000	0.000	0.000	0.000	18.010	0.000	5.037	0.000	0.000	0.000	0.000	5.202	0.000	0.000	0.000	0.000	2.655	0.000	0.000	0.000	0.000	4.552	0.000	4.729	17.985	0.000	0	0	0	0	0	0	0
0	0	0	0	0	0	0	0	0	0	0	0	0	0	0.000	5.036	0.000	1.247	0.000	0.000	16.059	0.000	9.769	0.000	0.000	0.000	0.000	1.568	1.062	0.000	0.000	22.237	6.224	2.836	6.344	0.000	0.000	11.058	0.000	0.000	0.000	13.120	0.000	0.000	0.000	0.000	0.000	3.142	0.000	24.903	6.394	2.745	7.604	13.577	24.118	0.000	6.881	0.000	0.000	10.959	0.000	0.000	0.000	0.000	6.771	0.000	0.000	0.000	7.590	0.000	0.000	0.000	0.000	3.402	24.594	6.120	0.000	17.371	0.000	0.000	6.840	0.000	0.000	0.000	0.000	0.000	0.000	13.604	10.896	0.000	4.390	6.326	0.000	10.775	18.861	11.194	0.000	0.000	11.481	10.105	0.000	2.317	0.000	0.000	17.404	10.079	1.174	13.899	0.000	3.092	0.000	0.000	0.000	6.732	8.223	0.000	0.000	0.000	0.000	18.007	0.000	0.000	0.000	0.000	8.258	8.036	10.612	0.000	0.000	0.888	0.000	12.579	10.455	10.829	0.000	13.381	3.343	0.000	9.818	0.844	0.000	21.276	0.000	0.000	32.775	0.000	10.590	0.000	0.000	11.259	19.699	0.000	12.879	0.000	0	0	0	0	0	0	0	0
0	0	0	0	0	0	0	0	0	0	0	0	0	0	0	16.838	11.321	0.000	5.754	0.000	19.741	0.000	0.000	0.000	0.000	7.071	0.000	0.000	0.000	0.000	10.515	0.000	0.000	0.000	28.969	0.000	8.520	11.521	0.000	6.776	26.336	7.419	0.000	0.000	7.539	3.780	0.000	10.269	10.050	0.000	0.000	23.612	17.788	16.207	3.880	0.000	0.000	10.393	0.000	0.000	0.000	0.000	3.988	0.000	0.000	9.362	0.000	8.337	6.812	0.000	1.990	0.000	0.000	0.000	19.541	1.023	5.782	12.919	22.963	0.000	0.000	0.000	0.000	0.000	0.000	0.000	0.000	0.000	0.000	21.948	4.505	8.180	0.000	0.000	1.479	8.062	0.000	0.000	0.000	8.791	0.000	14.823	0.000	0.000	4.762	10.168	1.174	3.462	0.000	13.238	0.000	23.540	28.341	8.749	9.072	0.000	20.675	0.000	0.000	12.381	0.000	0.000	10.332	3.247	0.000	30.329	8.897	12.293	0.000	8.582	0.000	1.259	0.000	0.000	2.356	0.000	0.815	11.515	0.000	12.682	0.000	0.000	16.345	1.026	0.000	8.833	0.000	12.300	6.158	19.173	0.000	7.773	0.000	0	0	0	0	0	0	0	0	0
0	0	0	0	0	0	0	0	0	0	0	0	0	0	0	8.754	0.000	10.629	0.000	0.000	3.290	2.743	13.638	0.000	0.000	0.000	0.000	4.632	0.000	12.848	8.511	0.000	0.000	0.000	0.000	11.302	13.497	0.000	0.000	0.000	0.000	0.000	0.000	0.000	0.000	0.000	0.000	0.000	28.639	20.280	0.000	0.000	0.000	3.654	0.000	25.874	20.871	0.000	3.863	1.565	0.000	3.862	0.000	0.000	10.166	11.778	0.000	0.000	10.840	17.372	0.000	3.762	0.000	7.511	12.179	0.000	17.228	9.476	5.474	0.000	29.487	9.059	0.000	10.039	0.000	0.000	7.724	6.624	0.000	0.000	13.620	0.000	17.546	18.124	0.000	10.923	3.775	5.116	27.050	13.162	7.831	0.000	0.000	0.000	0.000	4.270	8.824	13.843	7.855	0.000	0.000	20.782	1.358	0.000	0.000	12.232	0.000	0.000	0.000	0.000	0.000	0.000	0.000	0.000	18.510	5.398	5.486	11.438	16.778	0.000	0.000	0.000	0.000	6.487	0.000	12.180	0.000	0.915	0.000	0.000	0.000	0.000	0.000	15.103	10.818	0.000	0.000	0.000	0.000	4.680	38.983	14.852	0.000	0	0	0	0	0	0	0	0	0
0	0	0	0	0	0	0	0	0	0	0	0	0	0	0	0	5.782	0.000	0.000	24.508	0.000	22.148	0.000	0.000	0.000	0.000	0.000	15.238	0.000	24.581	4.065	0.000	0.000	0.000	12.531	0.000	0.000	17.517	12.967	0.000	0.000	9.155	0.000	0.000	0.000	11.761	0.000	6.110	6.536	0.000	3.689	0.000	0.000	0.000	0.000	9.349	7.104	26.177	12.745	25.542	10.214	0.000	0.000	0.000	0.000	6.882	21.226	2.074	0.000	8.778	0.000	0.000	0.000	0.000	11.709	0.000	0.000	0.000	0.000	10.135	4.925	4.960	40.207	42.881	14.218	8.233	4.931	17.068	0.000	2.417	0.000	9.991	13.843	22.311	7.313	3.772	0.000	0.000	0.000	15.169	0.000	6.298	0.000	1.338	0.000	2.206	6.881	1.808	13.214	0.000	0.000	5.705	17.844	5.463	0.000	1.255	21.447	5.716	0.000	0.000	0.000	5.727	0.000	0.000	14.234	11.960	0.000	0.000	13.859	26.712	1.019	4.990	0.000	0.000	0.000	0.000	0.000	0.000	0.000	0.000	5.508	4.064	0.000	7.895	8.267	0.000	0.000	0.000	6.542	8.153	28.933	5.691	0	0	0	0	0	0	0	0	0	0
0	0	0	0	0	0	0	0	0	0	0	0	0	0	0	0	0.000	18.755	8.970	0.000	0.000	0.000	0.000	0.000	10.263	12.516	0.000	0.000	17.048	0.000	12.571	1.460	0.000	0.000	5.149	0.000	0.000	12.431	0.000	17.572	28.412	1.421	0.000	0.000	0.000	0.000	0.000	6.947	4.723	11.247	0.000	11.052	27.550	0.000	0.000	23.040	0.000	0.000	10.918	0.000	0.000	0.000	7.864	2.338	0.000	0.000	0.000	7.247	26.249	0.000	0.000	14.464	0.000	0.000	6.276	0.000	0.000	6.848	14.126	19.013	4.384	6.152	0.000	15.800	0.000	0.000	0.000	12.252	6.887	17.343	7.649	4.331	0.000	9.068	0.000	12.203	11.977	0.000	0.000	0.000	0.000	0.000	17.197	11.476	0.000	0.000	1.437	0.000	2.124	0.000	0.000	1.549	4.195	8.644	5.180	0.000	0.000	12.639	37.166	0.000	0.000	5.098	3.232	0.000	0.000	0.000	0.000	8.537	0.000	0.000	0.000	4.860	0.000	0.000	0.000	30.366	1.361	0.000	0.814	0.000	18.983	0.000	26.429	2.188	0.000	0.000	6.146	0.000	11.587	17.525	4.238	0	0	0	0	0	0	0	0	0	0	0
0	0	0	0	0	0	0	0	0	0	0	0	0	0	0	0	0	142.239	32.608	0.000	0.000	27.585	0.000	0.000	0.000	0.000	5.245	5.123	21.851	0.000	0.000	0.000	4.552	7.696	0.000	0.000	0.000	0.000	7.763	0.000	0.000	0.000	0.000	12.052	0.000	0.000	0.000	18.606	0.000	0.000	2.771	0.000	11.643	0.000	10.563	0.000	0.000	0.000	0.000	13.894	10.829	0.000	0.000	0.000	0.000	0.000	0.000	15.244	5.788	7.753	2.135	0.000	1.476	29.222	23.041	0.000	11.556	0.000	0.000	0.000	5.814	1.876	8.575	10.448	26.166	0.000	0.000	11.376	0.000	0.000	6.497	0.000	0.000	10.979	9.263	0.000	0.000	4.148	0.000	11.413	0.000	0.000	0.000	3.679	4.737	0.000	6.957	6.073	9.924	6.457	21.280	0.000	0.000	0.000	14.219	0.000	0.000	63.161	13.293	2.314	4.970	5.056	0.000	0.000	23.530	19.835	0.000	6.594	0.000	18.516	0.000	12.885	0.000	0.000	22.365	2.584	0.000	0.000	3.810	0.000	0.000	2.271	20.991	0.000	0.000	0.000	16.779	20.354	0.000	0.000	0	0	0	0	0	0	0	0	0	0	0	0
0	0	0	0	0	0	0	0	0	0	0	0	0	0	0	0	0	0	6.908	6.236	0.000	14.216	0.000	0.000	0.000	4.983	0.000	0.000	0.000	0.930	0.000	1.436	12.753	5.718	0.000	12.541	3.872	9.256	0.000	3.029	0.000	0.000	0.000	12.201	8.673	9.167	0.000	0.000	17.642	7.521	15.778	0.000	0.000	0.884	26.981	10.233	15.884	18.876	1.033	9.058	0.000	9.404	28.008	0.000	0.713	0.000	7.259	0.000	18.535	3.741	6.336	0.000	0.000	0.000	0.000	6.477	14.572	0.000	0.000	0.000	7.096	0.000	0.000	0.000	1.071	0.000	0.000	0.000	18.469	9.094	12.611	1.414	9.954	0.000	0.000	7.006	1.244	0.000	0.000	16.411	10.983	0.000	0.000	1.209	10.142	0.000	6.123	41.190	5.001	0.000	9.004	13.238	5.745	2.697	20.632	0.000	7.165	35.684	4.792	0.000	0.000	0.000	0.000	0.000	8.828	0.000	19.779	0.000	19.170	0.000	0.000	0.000	2.338	0.000	2.001	0.000	0.000	0.000	3.132	5.729	16.134	9.204	14.894	38.980	26.457	21.195	23.757	26.978	0	0	0	0	0	0	0	0	0	0	0	0	0	0
0	0	0	0	0	0	0	0	0	0	0	0	0	0	0	0	0	0	0	17.743	0.000	0.000	0.000	0.000	11.991	0.000	17.112	1.105	0.000	10.066	0.000	0.000	0.000	0.000	15.188	15.264	4.367	0.000	0.000	0.000	0.000	12.232	0.000	13.886	8.094	0.000	0.000	14.152	0.000	0.000	0.000	10.539	2.883	8.240	0.000	0.000	0.000	0.000	8.484	0.000	0.000	0.000	0.000	0.000	2.235	0.000	5.742	4.902	10.118	0.000	5.072	0.000	17.479	15.071	0.000	0.000	0.000	0.000	0.000	13.442	2.846	0.000	0.000	23.053	0.000	0.000	0.000	8.772	7.180	0.000	0.000	1.982	0.000	4.604	0.000	9.919	11.645	5.044	6.598	0.000	2.152	7.784	22.935	1.961	12.500	2.389	0.000	0.000	0.000	0.000	12.617	5.585	0.000	20.306	29.392	3.615	0.000	0.000	0.000	7.183	0.000	0.000	4.450	0.000	0.808	17.182	11.610	0.000	3.570	5.517	4.853	20.960	0.000	19.287	4.001	0.000	15.896	0.000	0.000	4.051	26.652	13.009	17.923	3.859	0.000	0.000	0	0	0	0	0	0	0	0	0	0	0	0	0	0	0	0
0	0	0	0	0	0	0	0	0	0	0	0	0	0	0	0	0	0	0	0	16.336	5.408	0.000	0.000	0.000	16.264	11.975	0.000	19.606	0.000	0.000	0.000	4.247	17.299	8.115	0.000	0.859	0.875	8.681	16.791	0.000	0.000	0.000	0.000	18.058	6.150	0.000	0.000	14.358	0.000	0.000	4.309	11.820	0.000	0.000	2.883	9.356	13.713	17.921	3.302	0.000	0.000	0.000	0.000	22.909	18.861	25.426	0.000	0.000	0.000	0.000	0.000	0.000	9.305	3.241	32.357	0.000	0.000	8.957	0.000	6.306	0.000	0.000	0.000	0.000	2.873	0.000	0.000	0.000	0.000	16.865	7.635	0.000	0.000	0.000	0.000	0.000	3.526	0.000	0.000	0.000	0.000	0.000	19.190	3.232	0.000	0.000	0.000	0.000	9.326	0.000	0.000	0.000	0.000	0.000	19.821	7.263	0.000	33.099	1.491	8.310	0.000	0.000	6.883	19.944	0.000	13.321	0.000	12.290	3.743	8.125	23.038	0.000	0.000	1.137	0.000	0.000	12.869	12.933	28.476	26.209	25.329	1.888	0.000	0	0	0	0	0	0	0	0	0	0	0	0	0	0	0	0	0	0
0	0	0	0	0	0	0	0	0	0	0	0	0	0	0	0	0	0	0	0	0	0.000	20.817	14.629	10.404	0.000	4.769	0.000	0.000	1.342	5.246	1.461	0.000	10.687	32.251	0.000	11.840	0.000	0.000	1.204	2.366	0.000	0.000	0.000	0.000	4.484	0.000	2.345	0.000	13.304	11.188	0.000	9.822	0.000	0.000	3.644	11.836	0.000	11.610	5.507	0.000	0.000	0.000	0.000	0.000	3.694	11.362	10.028	23.669	7.695	0.000	0.000	0.000	0.000	6.206	3.136	0.000	1.968	0.000	0.000	14.211	26.788	0.000	9.031	0.000	0.000	17.052	11.764	0.000	1.428	2.344	0.000	0.000	8.654	0.000	0.000	0.000	3.968	0.000	0.000	0.000	0.000	25.840	0.000	0.000	0.000	0.000	0.000	0.000	17.348	2.199	0.000	0.000	0.000	0.000	2.785	0.000	13.416	5.097	0.000	12.080	0.000	0.000	0.000	0.000	0.000	17.705	0.000	1.749	0.000	5.270	2.989	16.999	13.608	13.441	9.155	4.079	20.058	30.276	7.822	0.000	0	0	0	0	0	0	0	0	0	0	0	0	0	0	0	0	0	0	0	0	0
0	0	0	0	0	0	0	0	0	0	0	0	0	0	0	0	0	0	0	0	0	0	0.000	0.000	25.324	17.912	0.000	3.007	10.207	0.000	15.285	7.855	4.506	4.753	0.000	12.627	0.000	5.185	0.910	7.107	15.773	0.000	8.054	9.267	9.858	23.302	0.000	19.900	0.000	5.734	0.000	8.887	0.000	12.480	0.000	0.000	0.000	11.240	7.172	19.557	1.125	0.000	0.000	0.000	0.000	0.000	12.016	0.000	0.000	17.858	0.000	0.000	0.000	5.901	11.172	10.642	0.000	28.802	0.000	16.853	0.000	8.539	0.000	18.279	2.924	0.000	0.000	0.971	7.453	11.745	2.302	0.000	0.000	5.955	6.585	0.000	2.048	0.000	6.637	0.000	8.705	7.944	0.000	0.000	0.000	0.000	0.000	0.000	4.597	10.833	11.968	20.117	3.843	11.014	0.000	33.571	9.144	28.241	25.995	0.811	27.748	28.943	13.138	2.772	14.792	29.796	7.408	8.789	20.863	12.996	23.801	1.109	17.034	9.098	7.924	15.443	24.749	21.994	13.229	0	0	0	0	0	0	0	0	0	0	0	0	0	0	0	0	0	0	0	0	0	0	0
0	0	0	0	0	0	0	0	0	0	0	0	0	0	0	0	0	0	0	0	0	0	0	0	0.000	0.000	0.000	5.625	0.000	8.587	0.000	0.000	0.000	0.000	0.000	31.213	0.000	0.000	5.803	0.000	21.325	0.000	6.623	14.757	0.000	14.552	0.000	0.904	2.621	18.856	0.000	6.223	11.772	0.000	15.408	0.000	24.819	0.000	0.000	16.467	16.306	0.000	0.000	0.000	0.000	0.000	0.000	0.000	0.000	0.781	3.522	28.891	10.006	20.046	11.673	0.000	21.499	0.000	18.587	0.000	0.000	0.000	11.582	2.400	4.205	24.475	0.000	9.517	14.495	8.460	2.238	10.652	18.585	0.000	7.865	15.162	14.121	20.750	3.881	13.916	0.000	0.000	0.000	0.000	0.000	0.000	0.000	0.000	0.000	6.932	9.073	18.690	10.643	25.635	6.594	10.419	13.338	20.930	8.606	0.000	11.912	8.573	28.541	4.122	23.894	17.077	16.252	14.477	28.103	45.007	52.935	27.380	25.498	19.880	0.000	10.597	16.074	0.000	0	0	0	0	0	0	0	0	0	0	0	0	0	0	0	0	0	0	0	0	0	0	0	0
0	0	0	0	0	0	0	0	0	0	0	0	0	0	0	0	0	0	0	0	0	0	0	0	0	0.000	6.642	18.074	0.000	0.000	0.000	0.000	15.965	0.000	15.159	9.678	2.789	11.752	27.014	30.361	2.153	0.000	0.000	2.978	0.000	15.098	2.370	2.290	21.939	0.000	12.155	27.514	0.000	0.000	2.424	1.296	3.921	0.000	20.496	32.765	23.960	4.757	0.000	0.000	0.000	0.000	0.000	0.000	0.000	0.000	0.000	0.000	0.000	6.350	6.335	0.000	2.635	0.000	10.498	13.260	0.000	2.000	6.726	31.328	0.000	9.344	0.000	12.628	1.181	5.329	8.222	0.000	3.229	3.582	17.663	19.721	2.451	6.451	0.000	0.000	0.000	0.000	0.000	8.021	0.000	0.000	0.000	0.000	79.342	0.000	7.893	69.651	12.598	5.558	15.785	25.715	9.393	31.820	32.185	13.954	14.831	25.515	22.374	39.248	21.398	1.701	27.841	7.884	0.000	0.000	0.000	0.000	0	0	0	0	0	0	0	0	0	0	0	0	0	0	0	0	0	0	0	0	0	0	0	0	0	0	0	0	0	0
0	0	0	0	0	0	0	0	0	0	0	0	0	0	0	0	0	0	0	0	0	0	0	0	0	0	0	0.000	4.844	0.000	5.591	29.620	20.915	0.000	0.000	2.840	24.137	13.400	2.032	8.383	13.259	8.997	9.239	16.494	3.270	0.000	0.000	0.000	27.333	0.000	17.896	0.000	0.000	7.951	24.834	0.000	0.000	0.000	21.187	103.125	20.367	10.438	0.000	1.747	0.000	0.000	8.404	0.000	0.000	0.000	0.000	0.000	0.000	2.940	3.009	11.536	5.528	19.395	19.248	7.305	7.686	0.000	0.000	11.709	8.365	24.565	1.639	0.000	13.103	9.513	0.000	17.106	11.002	1.887	12.076	11.463	1.125	9.778	0.000	13.529	0.000	0.000	0.000	16.211	59.737	42.972	0.000	6.708	21.282	0.000	2.419	25.172	6.461	19.672	8.091	0.000	46.497	14.443	2.492	0.000	0.000	0.000	0	0	0	0	0	0	0	0	0	0	0	0	0	0	0	0	0	0	0	0	0	0	0	0	0	0	0	0	0	0	0	0	0	0	0	0	0	0	0	0
0	0	0	0	0	0	0	0	0	0	0	0	0	0	0	0	0	0	0	0	0	0	0	0	0	0	0	0	0.000	0.000	0.739	11.548	11.925	0.000	0.000	0.000	13.018	3.703	2.217	16.530	14.925	12.405	26.850	4.188	18.865	0.000	14.158	23.547	8.936	14.446	12.448	0.000	32.296	6.658	1.194	7.210	0.000	19.213	7.481	22.544	1.133	0.000	0.000	4.429	0.000	0.000	0.000	0.000	0.000	0.000	0.000	2.529	0.000	0.000	0.000	8.461	9.322	7.280	0.557	15.929	5.150	0.000	3.912	18.145	0.000	0.000	13.943	4.394	85.863	11.328	0.000	2.543	9.261	18.253	13.922	18.255	17.150	0.585	7.467	5.740	13.925	8.977	11.898	30.508	37.489	35.150	37.486	35.184	17.467	1.342	9.334	21.527	0.000	0	0	0	0	0	0	0	0	0	0	0	0	0	0	0	0	0	0	0	0	0	0	0	0	0	0	0	0	0	0	0	0	0	0	0	0	0	0	0	0	0	0	0	0	0	0	0	0	0
0	0	0	0	0	0	0	0	0	0	0	0	0	0	0	0	0	0	0	0	0	0	0	0	0	0	0	0	0	0.000	31.104	3.692	0.000	5.759	21.503	9.606	35.955	9.358	12.605	28.257	19.163	14.613	21.978	10.390	32.436	18.173	18.167	107.423	96.137	11.519	26.842	19.882	1.208	11.154	2.369	19.353	0.000	0.000	19.448	25.972	0.000	0.000	0.000	1.163	0.000	7.786	15.770	0.000	0.000	0.000	2.521	4.933	0.000	10.432	2.934	0.000	0.000	0.000	1.746	13.713	0.000	0.000	3.340	9.315	4.533	0.000	2.471	0.000	5.858	14.279	7.093	8.350	0.415	11.269	3.205	3.683	0.000	0.000	9.148	0.000	0.000	0.000	0.000	0	0	0	0	0	0	0	0	0	0	0	0	0	0	0	0	0	0	0	0	0	0	0	0	0	0	0	0	0	0	0	0	0	0	0	0	0	0	0	0	0	0	0	0	0	0	0	0	0	0	0	0	0	0	0	0	0	0	0
0	0	0	0	0	0	0	0	0	0	0	0	0	0	0	0	0	0	0	0	0	0	0	0	0	0	0	0	0	0	0	0	0	0.000	1.685	0.000	30.171	4.637	5.898	14.953	11.984	22.025	26.178	10.862	18.484	28.428	26.993	19.968	27.652	15.898	22.568	9.988	21.204	3.933	18.583	18.625	0.000	0.000	18.490	0.000	0.000	14.660	0.000	19.177	8.792	42.574	23.878	28.182	10.884	2.599	515.206	193.489	21.874	42.053	34.860	15.114	17.261	6.404	0.000	17.924	5.124	0.000	0.000	0.000	0.000	0.000	0.000	0	0	0	0	0	0.000	0.000	0.000	0	0	0	0	0	0	0	0	0	0	0	0	0	0	0	0	0	0	0	0	0	0	0	0	0	0	0	0	0	0	0	0	0	0	0	0	0	0	0	0	0	0	0	0	0	0	0	0	0	0	0	0	0	0	0	0	0	0	0	0	0	0	0	0	0	0	0
0	0	0	0	0	0	0	0	0	0	0	0	0	0	0	0	0	0	0	0	0	0	0	0	0	0	0	0	0	0	0	0	0	0	0	0	0	0	0	0	0	0	0	0	0.000	0.000	0.000	25.509	36.739	28.027	37.712	18.546	23.878	5.781	18.919	7.710	7.956	12.473	15.306	6.071	0.000	0.000	0.000	0	0	0	0	0	0	0	0	0	0	0	0	0	0	0	0	0	0	0	0	0	0	0	0	0	0	0	0	0	0	0	0	0	0	0	0	0	0	0	0	0	0	0	0	0	0	0	0	0	0	0	0	0	0	0	0	0	0	0	0	0	0	0	0	0	0	0	0	0	0	0	0	0	0	0	0	0	0	0	0	0	0	0	0	0	0	0	0	0	0	0	0	0	0	0	0	0	0	0
0	0	0	0	0	0	0	0	0	0	0	0	0	0	0	0	0	0	0	0	0	0	0	0	0	0	0	0	0	0	0	0	0	0	0	0	0	0	0	0	0	0	0	0	0	0	0	0	0	0	0	0	0	0	0.000	0.000	0	0	0	0	0	0	0	0	0	0	0	0	0	0	0	0	0	0	0	0	0	0	0	0	0	0	0	0	0	0	0	0	0	0	0	0	0	0	0	0	0	0	0	0	0	0	0	0	0	0	0	0	0	0	0	0	0	0	0	0	0	0	0	0	0	0	0	0	0	0	0	0	0	0	0	0	0	0	0	0	0	0	0	0	0	0	0	0	0	0	0	0	0	0	0	0	0	0	0	0	0	0	0	0	0	0
