0	0	0	0	0	0	0	0	0	0	0	0	0	0	0	0	0	0	0	0	0	0	0	0	0	0	0	0	0	0	0	0	0	0	0	0	0	0	0	0	0	0	0	0	0	0	0	0	0	0	0	0	0	0	0	0	0	0	0	0	0	0	0	0	0	0	0	0	0	0	0	0	0	0	0	0	0	0	0	0	0	0	0	0	0	0	0	0	0	0	0	0	0	0	0	0	0	0	0	0	0	0	0	0	0	0	0	0	0	0	0	0	0	0	0	0	0	0	0	0	0	0	0	0	0	0	0	0	0	0	0	0	0	0	0	0	0	0	0	0	0	0	0	0	0	0	0	0	0	0	0	0	0	0	0	0	0	0	0	0	0	0
0	0	0	0	0	0	0	0	0	0	0	0	0	0	0	0	0	0	0	0	0	0	0	0	0	0	0	0	0	0	0	0	0	0	0	0	0	0	0	0	0	0	0	0	0	0	0	0	0	0	0	0	0	0	0	0	0	0	0	0	0	0	0	0	0	0	0	0	0	0	0	0	0	0	0	0	0	0	0	0	0	0	0	0	0	0	0	0	0	0	0	0	0	0	0	0	0	0	0	0	0	0	0	0	0	0	0	0	0	0	0	0	0	0	0	0	0	0	0	0	0	0	0	0	0	0	0	0	0	0	0	0	0	0	0	0	0	0	0	0	0	0	0	0	0	0	0	0	0	0	0	0	0	0	0	0	0	0	0	0	0	0
0	0	0	0	0	0	0	0	0	0	0	0	0	0	0	0	0	0	0	0	0	0	0	0	0	0	0	0	0	0	0	0	0	0	0	0	0	0	0	0	0	0	0	0	0	0	0	0	0	0	0	0	0	0	0	0	0	0	0	0	0	0	0	0	0	0	0	0	0	0	0	0	0	0	0	0	0	0	0	0	0	0	0	0	0	0	0	0	0	0	0	0	0	0	0	0	0	0	0	0	0	0	0	0	0	0	0	0	0	0	0	0	0	0	0	0	0	0	0	0	0	0	0	0	0	0	0	0	0	0	0	0	0	0	0	0	0	0	0	0	0	0	0	0	0	0	0	0	0	0	0	0	0	0	0	0	0	0	0	0	0	0
0	0	0	0	0	0	0	0	0	0	0	0	0	0	0	0	0	0	0	0	0	0	0	0	0	0	0	0	0	0	0	0	0	0	0	0	0	0	0	0	0	0	0	0	0	0	0	0	0	0	0	72.913	29.339	6.332	26.364	0.815	0.000	0.866	0.000	3.022	19.675	6.629	0.000	11.349	19.578	23.074	0.000	19.690	0.000	0	0	0	0	0	0	0	0	0	0	0	0	0	0	0	0	0	0	0	0	0	0	0	0	0	0	0	0	0	0	0	0	0	0	0	0	0	0	0	0	0	0	0	0	0	0	0	0	0	0	0	0	0	0	0	0	0	0	0	0	0	0	0	0	0	0	0	0	0	0	0	0	0	0	0	0	0	0	0	0	0	0	0	0	0	0	0	0	0	0	0	0	0
0	0	0	0	0	0	0	0	0	0	0	0	0	0	0	0	0	0	0	0	0	0	0	0	0	0	0	0	0	0	0	0	0	0	0	0	0	0	0	0	0	0	0	0	0	0	0	12.630	0.000	0.000	2.527	12.536	8.347	6.612	5.099	25.498	0.000	0.000	0.000	10.940	16.228	7.918	2.978	8.098	0.000	0.000	1.194	0.000	3.247	18.927	0	0	0	0	0	0	0	26.442	25.537	0.000	2.411	0.000	21.478	0.000	25.626	0.000	23.328	0	0	0	0	0	0	0	0	0	0	0	0	0	0	0	0	0	0	0	0	0	0	0	0	0	0	0	0	0	0	0	0	0	0	0	0	0	0	0	0	0	0	0	0	0	0	0	0	0	0	0	0	0	0	0	0	0	0	0	0	0	0	0	0	0	0	0	0	0	0	0	0	0	0	0
0	0	0	0	0	0	0	0	0	0	0	0	0	0	0	0	0	0	0	0	0	0	0	0	0	0	0	0	0	0	0	0	0	0	0	0	0	0.000	0.000	0.798	22.092	0.000	16.414	0.000	4.167	20.665	0.000	23.456	0.000	0.000	5.734	22.140	5.499	3.767	0.000	4.230	0.000	0.000	0.000	4.541	7.289	0.000	8.306	0.000	0.000	0.000	7.760	0.340	0.323	0.000	10.369	37.475	0	0	0	0	22.933	9.369	9.672	0.000	0.000	0.000	22.658	0.000	7.894	12.763	0.000	39.968	14.402	0.000	14.291	0.000	0	0	0	0	0	0	0	0	0	0	0	0	0	0	0	0	0	0	0	0	0	0	0	0	0	0	0	0	0	0	0	0	0	0	0	0	0	0	0	0	0	0	0	0	0	0	0	0	0	0	0	0	0	0	0	0	0	0	0	0	0	0	0	0	0	0	0	0	0	0
0	0	0	0	0	0	0	0	0	0	0	0	0	0	0	0	0	0	0	0	0	0	0	0	0	0	0	0	0	0	0	0	72.126	0.000	23.223	0.000	5.010	2.632	0.000	4.373	0.000	4.977	23.664	7.346	1.605	0.000	0.000	5.818	5.813	5.435	5.573	4.762	0.000	0.000	5.711	0.000	0.000	6.451	0.000	0.000	2.409	1.542	0.000	4.971	0.000	0.000	11.184	8.338	2.966	6.382	0.000	0.000	35.283	0	0	0	19.687	0.000	0.000	22.756	9.390	5.502	15.773	20.120	0.000	18.048	2.229	0.000	15.617	0.000	9.571	1.343	0.000	0.000	4.334	39.679	41.682	0	0	0	0	0	0	0	0	0	0	0	0	0	0	0	0	0	0	0	0	0	0	0	0	0	0	0	0	0	0	0	0	0	0	0	0	0	0	0	0	0	0	0	0	0	0	0	0	0	0	0	0	0	0	0	0	0	0	0	0	0	0	0	0	0
0	0	0	0	0	0	0	0	0	0	0	0	0	0	0	0	0	0	0	0	0	0	0	0	0	0	0	0	0.000	37.529	0.703	18.092	1.830	10.922	8.869	1.321	0.000	9.214	0.000	0.456	5.161	14.608	19.752	0.000	0.458	0.000	0.000	0.000	0.000	6.564	8.080	0.000	0.000	0.000	0.000	0.456	0.000	0.000	14.702	14.435	0.000	4.873	9.163	0.000	16.147	5.802	16.129	0.000	0.000	3.306	2.340	1.681	1.212	0.000	0.000	14.726	4.141	21.825	9.266	0.000	0.000	0.000	2.582	17.104	0.000	0.000	0.000	0.000	16.785	4.046	0.000	0.000	2.820	16.443	1.879	6.421	10.166	8.012	28.837	0.000	16.800	0.000	14.009	0	0	0	0	0	0	0	0	0	0	0	0	0	0	0	0	0	0	0	0	0	0	0	0	0	0	0	0	0	0	0	0	0	0	0	0	0	0	0	0	0	0	0	0	0	0	0	0	0	0	0	0	0	0	0	0	0	0	0
0	0	0	0	0	0	0	0	0	0	0	0	0	0	0	0	0	0	0	0	0	0	0	0	0	0.000	0.000	0.000	9.928	3.727	0.000	0.000	5.903	3.637	14.101	11.223	0.000	0.000	19.031	6.283	5.975	2.665	0.000	10.282	12.079	1.210	10.218	18.212	0.000	0.000	6.113	3.194	26.266	0.000	2.193	6.956	0.000	8.536	6.724	20.681	9.843	0.000	0.470	15.021	4.572	1.596	1.271	4.730	13.148	0.000	4.037	21.417	6.454	3.394	0.000	0.000	11.479	2.937	0.000	2.379	0.000	15.281	9.235	1.829	10.075	8.566	9.988	7.743	0.000	7.502	0.000	1.920	0.000	15.105	5.202	15.423	11.815	26.411	11.536	6.475	25.884	1.608	0.000	9.557	0.000	0.000	0	0	0	0	0	0	0	0	0	0	0	0	0	0	0	0	0	0	0	0	0	0	0	0	0	0	0	0	0	0	0	0	0	0	0	0	0	0	0	0	0	0	0	0	0	0	0	0	0	0	0	0	0	0	0	0
0	0	0	0	0	0	0	0	0	0	0	0	0	0	0	0	0	0	0	0	0	0	0.000	12.260	0.000	0.000	16.647	2.873	8.561	0.000	0.000	23.719	12.335	0.000	0.000	0.000	0.495	0.000	0.000	13.111	16.115	8.889	0.000	20.851	0.000	7.773	0.000	14.613	9.902	10.513	0.000	7.220	0.000	0.000	0.000	1.455	11.275	16.382	0.000	1.290	0.000	17.817	0.000	4.281	0.383	9.242	0.000	1.609	1.703	8.825	11.393	2.677	3.530	2.127	1.193	6.839	5.872	0.000	14.809	1.618	0.000	3.159	0.000	8.881	2.252	11.250	7.450	24.760	8.341	11.780	0.000	6.847	7.227	12.922	11.022	0.000	12.401	0.000	17.584	0.000	0.000	0.000	0.000	0.000	10.495	18.249	32.641	7.986	27.872	0.000	0.000	0	0	0	0	0	0	0	0	0	0	0	0	0	0	0	0	0	0	0	0	0	0	0	0	0	0	0	0	0	0	0	0	0	0	0	0	0	0	0	0	0	0	0	0	0	0	0	0	0	0	0
0	0	0	0	0	0	0	0	0	0	0	0	0	0	0	0	0	0	0	0	0	0.000	8.635	0.000	0.000	12.300	11.719	0.000	6.911	3.735	0.000	0.000	0.000	1.546	1.662	0.000	8.553	0.000	8.741	8.490	5.901	8.009	0.000	4.738	0.000	0.000	0.000	0.000	23.422	11.905	0.000	9.376	22.623	0.000	6.720	9.380	16.146	16.519	11.238	0.000	1.637	9.360	11.965	0.000	0.000	2.124	0.000	0.000	1.972	5.503	0.000	13.476	15.477	3.754	2.013	1.247	1.737	8.637	0.000	16.582	3.823	10.501	0.000	0.000	2.114	24.310	7.010	1.545	3.216	0.000	0.000	8.275	7.720	0.000	14.902	21.722	0.000	0.000	0.000	8.318	0.000	0.000	7.091	13.248	0.000	4.294	0.000	14.779	0.000	16.992	17.679	3.924	0.000	0.000	0	0	0	0	0	0	0	0	0	0	0	0	0	0	0	0	0	0	0	0	0	0	0	0	0	0	0	0	0	0	0	0	0	0	0	0	0	0	0	0	0	0	0	0	0	0	0	0
0	0	0	0	0	0	0	0	0	0	0	0	0	0	0	0	0	0	0	0	0.000	25.806	0.000	0.000	12.590	0.000	7.204	0.456	0.000	0.000	0.000	4.062	24.595	0.000	0.000	9.912	0.000	0.000	1.291	6.221	0.000	7.424	4.246	0.000	0.000	3.751	0.000	0.000	2.451	1.134	12.498	3.008	3.044	0.000	7.614	19.158	3.591	0.000	29.163	3.922	2.483	0.000	4.303	3.498	6.214	7.532	6.749	0.459	7.604	0.000	15.478	5.794	0.000	0.000	13.061	0.000	0.000	18.065	4.364	2.246	0.419	0.000	15.204	0.000	0.000	8.645	0.000	0.000	12.780	0.000	1.269	0.000	12.550	0.000	0.000	14.807	3.452	11.273	6.158	3.159	15.319	13.548	11.204	2.633	1.959	7.833	6.041	0.413	4.961	19.093	3.286	0.000	3.099	0.000	0.000	2.487	0.000	51.592	0	0	0	0	0	0	0	0	0	0	0	0	0	0	0	0	0	0	0	0	0	0	0	0	0	0	0	0	0	0	0	0	0	0	0	0	0	0	0	0	0	0	0	0
0	0	0	0	0	0	0	0	0	0	0	0	0	0	0	0	0	0	0	0.000	0.000	4.736	20.019	0.000	11.887	7.762	0.000	0.000	10.376	0.000	0.000	8.265	0.000	0.000	4.409	3.179	2.012	0.000	0.000	1.393	0.000	4.013	20.465	0.000	10.557	0.000	0.000	4.417	3.522	0.000	0.401	27.305	0.000	7.641	2.924	7.604	0.000	14.688	10.564	0.000	0.000	20.634	3.879	23.526	0.346	2.960	24.867	2.270	0.000	0.378	0.000	9.432	14.879	13.425	18.697	5.388	8.841	16.228	6.312	5.636	22.795	9.931	5.266	0.000	0.000	0.000	0.000	2.489	1.661	11.329	0.464	0.000	0.000	23.310	0.000	0.000	4.665	3.559	4.361	0.000	0.000	6.893	0.000	0.000	0.000	8.882	0.000	2.141	4.234	0.000	0.000	0.000	11.621	5.156	0.000	0.000	0.000	0.000	10.796	0.000	7.436	0	0	0	0	0	0	0	0	0	0	0	0	0	0	0	0	0	0	0	0	0	0	0	0	0	0	0	0	0	0	0	0	0	0	0	0	0	0	0	0	0
0	0	0	0	0	0	0	0	0	0	0	0	0	0	0	0	0	0	0.487	27.879	19.456	10.276	7.003	0.000	3.769	17.507	0.000	7.917	19.119	1.884	0.000	10.363	6.796	6.987	21.078	4.451	0.000	9.121	14.511	6.545	25.068	9.463	6.450	0.000	1.617	13.852	0.000	0.000	0.000	1.493	0.000	13.727	0.000	1.575	24.364	5.554	0.000	10.779	4.972	4.904	0.000	5.274	21.850	11.936	13.118	1.541	18.778	0.000	8.113	0.000	0.000	4.104	0.000	0.000	2.295	2.017	0.423	0.000	17.549	12.406	0.000	8.272	2.189	0.000	13.089	1.982	0.000	0.348	7.755	2.799	6.679	1.959	5.202	14.287	4.205	0.000	12.151	0.000	23.717	0.000	15.742	0.000	2.398	0.000	0.000	0.000	12.883	2.608	8.829	0.000	0.000	0.000	13.686	0.000	0.000	0.000	1.770	0.000	6.822	3.206	0.000	0.000	21.520	7.015	0	0	0	0	0	0	0	0	0	0	0	0	0	0	0	0	0	0	0	0	0	0	0	0	0	0	0	0	0	0	0	0	0	0	0	0	0	0
0	0	0	0	0	0	0	0	0	0	0	0	0	0	0	0	0	1.394	11.336	0.000	26.445	29.414	0.000	4.540	0.000	15.597	15.499	0.000	0.000	0.000	5.421	0.000	0.000	0.000	0.000	14.001	4.859	1.229	0.000	11.445	6.068	0.000	6.118	0.000	0.000	21.777	5.410	28.701	2.208	6.157	0.000	0.000	13.526	7.223	0.000	8.615	0.000	0.000	7.132	0.000	0.000	0.000	0.000	2.545	12.148	0.000	0.000	4.082	12.212	0.000	1.647	5.754	0.000	13.983	10.357	13.258	14.370	0.000	6.006	10.303	0.000	5.710	13.083	9.369	0.000	0.356	7.577	18.249	0.000	20.224	0.000	0.000	0.000	25.962	8.925	2.107	1.809	11.405	1.794	6.519	0.000	9.104	9.037	17.427	0.000	0.000	13.050	0.000	0.000	26.234	0.000	0.000	1.236	11.772	5.332	0.000	0.000	0.000	0.000	0.000	1.500	11.777	0.343	3.055	9.913	2.591	7.677	0	0	0	0	0	0	0	0	0	0	0	0	0	0	0	0	0	0	0	0	0	0	0	0	0	0	0	0	0	0	0	0	0	0	0
0	0	0	0	0	0	0	0	0	0	0	0	0	0	0	0	0.000	0.000	0.000	4.032	0.000	15.260	3.045	0.000	0.000	0.000	0.000	8.485	23.535	9.324	9.975	2.228	0.000	0.000	0.000	8.503	16.821	0.000	13.658	15.108	0.000	6.590	0.000	15.242	4.111	0.000	11.009	21.712	13.710	0.000	33.938	0.000	0.000	4.197	20.848	0.000	14.190	0.000	0.000	12.967	1.863	0.000	4.405	8.918	0.000	1.562	0.000	3.894	50.789	2.703	0.000	16.302	0.000	8.063	0.000	1.954	14.577	0.000	0.000	0.000	11.894	1.970	6.763	0.000	0.397	7.355	25.410	16.784	0.000	0.000	0.000	0.000	0.430	28.371	25.438	11.073	0.405	14.861	1.702	1.316	2.638	2.169	32.859	0.000	27.202	14.826	5.317	19.237	7.545	0.000	0.000	0.000	4.095	2.118	1.143	3.624	7.948	0.000	0.000	0.000	0.000	10.651	0.000	1.270	10.486	3.353	0.000	22.017	0.000	43.195	0	0	0	0	0	0	0	0	0	0	0	0	0	0	0	0	0	0	0	0	0	0	0	0	0	0	0	0	0	0	0	0
0	0	0	0	0	0	0	0	0	0	0	0	0	0	0	25.862	7.663	0.000	0.000	8.455	8.104	11.572	0.000	2.000	4.179	0.000	14.812	3.170	4.011	24.674	14.944	9.022	0.000	14.141	18.940	0.000	0.000	4.934	4.116	0.000	0.000	0.000	0.000	11.968	15.922	8.986	2.039	0.000	10.281	0.000	0.000	0.000	2.416	15.079	0.000	1.403	9.238	3.701	9.501	4.621	9.009	0.000	15.537	12.996	10.080	3.830	5.126	9.891	13.505	0.000	0.000	0.000	16.807	8.682	12.203	0.000	10.664	0.000	0.000	0.434	2.464	0.000	0.000	0.000	0.000	5.696	10.231	13.343	0.000	0.000	1.155	0.000	0.000	21.797	3.101	0.000	0.441	9.918	8.165	0.000	0.000	5.140	0.000	16.040	1.294	22.418	0.000	14.584	17.750	1.988	3.814	0.000	15.927	0.000	1.644	6.761	1.320	4.599	7.089	3.817	0.000	1.678	10.344	1.136	6.730	0.000	0.000	3.901	0.000	3.067	0.000	5.870	21.990	0	0	0	0	0	0	0	0	0	0	0	0	0	0	0	0	0	0	0	0	0	0	0	0	0	0	0	0	0
0	0	0	0	0	0	0	0	0	0	0	0	0	0	0.000	21.754	3.802	18.087	0.000	0.000	0.000	0.000	2.171	9.444	16.284	10.704	13.879	3.082	12.628	0.000	0.000	0.000	11.654	0.000	0.000	0.000	3.879	17.095	0.000	3.243	0.000	0.000	0.000	0.000	0.000	0.000	0.000	0.000	8.358	0.000	3.697	20.746	0.000	6.909	0.000	0.000	0.000	14.549	5.305	0.000	0.000	0.000	8.852	3.456	0.000	11.782	5.846	0.000	2.277	0.000	6.447	0.000	0.000	1.137	0.000	0.000	0.000	0.000	0.000	9.135	7.019	0.000	0.000	6.369	0.000	0.000	0.000	1.576	0.000	13.095	0.000	0.000	0.000	0.000	0.000	17.406	13.546	21.893	11.635	0.000	0.000	9.251	0.000	23.274	0.000	9.848	0.487	0.000	0.000	8.826	0.000	0.000	0.000	13.776	0.000	0.000	1.642	6.768	19.019	0.000	6.318	0.000	0.000	0.000	13.977	6.627	0.000	0.000	3.310	4.723	12.546	0.920	0.000	4.968	19.948	11.091	0	0	0	0	0	0	0	0	0	0	0	0	0	0	0	0	0	0	0	0	0	0	0	0	0	0
0	0	0	0	0	0	0	0	0	0	0	0	0	0	0.000	0.000	0.000	0.000	0.000	9.633	0.000	1.991	6.075	0.000	0.000	0.000	4.927	2.652	0.000	0.000	0.000	9.179	16.039	0.000	17.038	4.922	2.651	4.074	24.577	0.000	2.233	2.117	21.969	0.000	0.000	20.001	17.802	0.000	12.473	1.151	19.116	0.000	12.355	12.511	0.000	0.000	0.000	0.000	0.000	4.168	10.098	0.000	6.685	0.000	0.000	3.046	0.000	9.186	0.000	0.000	32.530	1.975	0.000	11.611	5.734	0.000	0.377	9.187	0.000	5.311	5.530	0.000	0.000	4.409	0.000	1.596	10.622	5.440	7.078	5.004	13.341	0.000	0.000	19.666	7.986	0.000	10.229	0.000	2.272	5.714	0.000	11.826	5.233	0.000	3.683	0.000	10.420	0.000	0.000	11.420	16.129	0.000	0.000	0.000	34.421	9.633	5.285	0.000	0.000	6.633	0.000	18.276	5.303	0.000	0.000	0.000	26.742	0.000	0.000	7.145	7.635	0.000	0.000	5.801	16.279	0.000	0.000	0.000	6.542	53.622	0	0	0	0	0	0	0	0	0	0	0	0	0	0	0	0	0	0	0	0	0	0
0	0	0	0	0	0	0	0	0	0	0	0	0	9.140	0.000	20.991	0.000	0.000	12.451	5.547	19.019	7.265	0.000	2.331	8.530	0.000	14.581	0.000	0.000	0.000	0.000	11.996	16.190	1.800	1.118	0.000	7.880	0.000	2.609	0.415	0.000	6.509	14.144	2.536	6.709	10.801	1.704	12.475	11.786	2.458	5.267	7.945	7.557	9.768	6.170	0.000	0.000	0.000	2.597	17.831	0.000	0.000	0.000	0.000	3.339	0.000	8.210	18.105	9.641	0.000	2.652	0.000	0.000	3.734	8.521	16.267	14.129	1.272	0.429	0.000	10.398	2.186	9.499	0.000	0.000	4.395	17.973	0.000	1.906	19.061	3.167	4.388	0.000	0.000	0.000	0.000	0.000	0.000	26.573	0.344	3.839	0.000	5.060	0.000	15.342	0.000	15.573	0.000	5.248	0.000	0.000	0.000	8.169	0.000	0.000	0.000	21.544	6.673	6.363	0.000	0.528	7.163	0.000	0.000	0.000	0.000	13.119	9.599	16.410	11.212	0.000	2.132	0.000	8.721	14.362	1.025	4.168	15.439	7.449	0.000	6.897	0.000	0	0	0	0	0	0	0	0	0	0	0	0	0	0	0	0	0	0	0	0
0	0	0	0	0	0	0	0	0	0	0	0	0	5.973	20.841	1.908	9.744	6.560	0.000	0.000	0.000	21.362	0.000	0.000	16.512	12.968	9.267	18.364	0.000	0.000	0.000	0.000	0.000	10.455	0.000	0.000	11.404	17.399	0.000	0.000	7.386	12.088	7.640	7.101	13.628	2.434	0.000	0.000	0.000	4.403	0.000	3.867	15.178	0.000	0.000	0.000	0.000	10.280	0.000	0.000	0.000	4.470	0.000	1.624	8.480	0.000	8.094	9.757	0.000	0.000	3.917	3.533	5.815	0.000	0.000	9.168	0.000	26.365	0.000	6.386	0.000	0.000	7.042	27.034	0.000	0.000	14.015	1.329	0.000	0.000	0.000	0.000	9.290	15.423	0.000	0.000	10.084	9.470	0.000	1.243	0.000	0.000	11.335	0.000	0.000	0.000	1.307	0.000	0.000	0.000	14.630	0.000	0.000	0.000	9.723	1.661	4.871	4.630	10.081	0.000	0.000	0.000	2.967	4.328	0.000	0.000	15.178	0.000	6.030	0.000	5.245	0.000	0.000	6.977	9.854	9.192	0.000	10.508	4.556	0.000	0.000	0.000	0.000	0.000	0.000	0	0	0	0	0	0	0	0	0	0	0	0	0	0	0	0	0
0	0	0	0	0	0	0	0	0	0	0	0	24.176	0.000	38.031	23.009	8.014	0.000	0.000	7.103	0.000	13.279	0.000	1.405	6.375	9.642	0.000	0.000	0.000	0.000	0.000	12.477	0.000	2.685	0.000	0.365	3.590	9.780	0.000	0.000	12.783	0.000	9.403	2.614	0.386	0.000	5.244	5.921	9.947	0.000	6.127	8.934	7.946	3.247	5.406	2.560	1.479	2.935	6.463	0.000	8.795	17.836	9.331	0.000	9.086	4.584	0.000	0.000	6.070	0.000	1.359	0.000	0.000	5.280	2.120	0.000	9.388	0.000	5.130	5.714	0.000	0.000	0.000	0.000	7.718	0.000	7.635	1.407	7.767	0.000	0.000	14.483	2.558	0.000	8.338	20.129	2.632	0.000	0.000	0.000	1.340	0.323	7.876	0.000	7.833	9.757	4.630	0.000	0.000	0.381	25.769	7.233	10.045	0.000	13.116	5.931	10.827	0.000	0.000	0.000	18.288	6.879	1.639	0.000	0.413	3.068	6.329	12.538	0.000	5.317	2.115	2.105	0.000	19.712	13.905	0.000	0.000	0.399	0.000	4.101	0.000	0.000	0.000	11.220	2.099	0.000	1.771	0	0	0	0	0	0	0	0	0	0	0	0	0	0	0
0	0	0	0	0	0	0	0	0	0	0	0	0.000	9.863	11.876	10.261	0.000	0.000	17.966	0.000	0.000	6.660	13.952	8.712	0.000	0.000	0.000	12.636	10.412	3.288	0.000	6.767	1.311	10.419	10.334	0.000	2.528	0.000	0.000	1.625	0.000	1.930	1.007	0.000	5.302	0.000	8.709	0.000	9.889	6.242	0.000	8.306	5.314	9.370	2.466	8.504	0.000	6.275	0.000	5.900	13.118	15.573	0.000	0.000	1.939	0.000	0.000	9.932	11.591	4.626	9.562	0.000	0.000	0.000	9.330	4.751	1.572	8.266	20.147	0.000	0.000	0.000	12.284	9.555	2.451	13.698	3.043	0.000	0.000	0.000	12.099	2.926	3.264	6.163	12.325	9.718	0.000	0.000	0.000	4.938	0.000	0.000	2.972	1.192	0.000	0.000	0.000	0.000	8.728	0.000	8.022	1.442	10.413	0.000	5.641	0.000	3.707	1.354	0.000	4.936	0.000	7.136	20.581	6.322	8.169	0.000	16.735	5.627	4.724	0.388	5.765	0.000	0.000	0.000	8.898	7.945	0.000	2.158	2.074	0.000	1.195	6.178	8.743	0.000	0.000	0.000	5.414	30.098	0.000	0	0	0	0	0	0	0	0	0	0	0	0	0
0	0	0	0	0	0	0	0	0	0	0	0.000	0.000	9.362	0.000	0.000	0.445	0.000	1.303	0.000	15.573	0.000	4.597	11.383	11.635	0.000	0.421	0.000	9.499	5.347	3.337	0.000	0.000	0.320	0.000	0.000	0.000	5.098	9.321	11.834	8.185	12.513	6.822	11.876	10.217	15.499	16.919	0.000	0.000	12.269	7.730	2.378	14.127	14.185	7.393	0.000	8.182	17.715	11.511	0.000	18.873	8.853	0.000	1.202	11.687	0.000	0.000	9.917	6.626	0.000	10.626	0.000	10.539	12.141	0.000	8.338	12.253	6.347	0.000	4.578	0.000	5.110	7.365	9.406	8.691	3.562	0.000	14.748	0.000	12.124	0.000	13.000	4.564	5.980	6.526	4.705	4.130	8.365	0.000	0.000	16.717	0.000	0.000	7.842	1.269	0.000	0.000	0.000	1.591	0.000	4.454	0.000	4.060	0.000	0.929	2.106	0.000	0.000	16.691	0.000	7.168	0.000	0.000	0.000	0.000	0.000	1.884	0.000	0.000	2.033	5.594	7.042	3.783	0.000	0.000	0.000	3.978	0.000	7.890	13.469	0.000	0.000	9.177	6.927	8.806	15.494	0.000	0.000	1.161	20.833	18.930	0.000	0	0	0	0	0	0	0	0	0	0
0	0	0	0	0	0	0	0	0	0	0	5.694	11.024	0.000	20.815	4.070	0.000	8.123	8.471	5.648	21.245	0.000	18.255	1.530	0.000	6.377	2.078	3.577	0.000	7.164	20.058	11.629	0.993	0.916	19.739	15.650	4.816	2.005	0.000	12.674	0.000	13.994	0.000	8.763	10.261	0.000	24.681	15.042	4.447	1.247	4.825	0.000	0.000	0.000	2.382	6.935	6.178	9.279	1.994	0.000	0.000	0.000	0.000	0.000	18.150	14.457	0.000	0.314	0.000	0.000	0.981	8.413	2.319	18.074	11.676	3.110	0.000	1.987	7.378	0.000	0.000	10.744	7.723	0.000	0.000	5.538	4.068	0.000	0.000	0.000	4.310	6.561	0.000	0.000	4.469	14.460	1.845	0.000	0.000	0.000	0.000	0.000	0.000	11.394	10.756	0.000	0.000	0.000	7.776	0.000	0.313	3.748	0.000	1.861	13.957	4.549	4.853	3.650	12.372	0.000	0.000	0.000	17.537	0.000	17.662	13.993	0.000	2.547	5.722	0.000	0.000	0.000	0.000	0.000	10.784	0.000	9.333	0.478	10.842	10.142	3.946	15.545	0.000	14.975	0.000	8.971	9.723	9.960	15.273	20.626	6.681	19.934	6.062	0	0	0	0	0	0	0	0	0
0	0	0	0	0	0	0	0	0	0	0.000	0.000	0.000	7.856	0.000	0.000	8.643	19.151	1.938	11.688	11.041	8.856	0.000	8.998	0.000	6.809	4.260	0.000	0.000	11.080	0.000	24.081	0.000	7.932	0.000	18.709	13.052	3.689	1.673	2.337	0.000	4.939	0.000	16.500	0.000	23.132	0.000	4.899	0.000	4.419	0.472	1.372	1.860	2.324	0.000	6.981	18.291	12.860	16.646	6.332	7.829	0.000	0.000	0.000	0.000	0.000	6.701	9.138	9.826	4.611	0.000	0.000	5.822	9.709	0.000	0.000	0.000	0.000	0.332	0.325	7.798	7.973	8.488	12.888	0.000	10.795	0.000	0.000	12.102	0.000	1.507	0.000	11.198	5.774	0.000	0.000	0.000	15.885	0.000	16.550	0.000	0.000	0.000	0.000	0.000	11.574	6.739	2.841	12.437	5.872	0.000	7.827	14.006	0.000	0.000	5.853	0.000	1.841	1.731	19.617	19.885	7.825	0.000	9.871	0.000	11.385	3.438	0.468	6.131	0.000	18.508	0.000	8.698	0.000	0.000	0.000	0.000	5.702	13.179	0.000	0.000	22.350	0.000	0.000	8.163	0.000	0.000	4.122	0.000	13.383	0.000	14.895	31.302	0	0	0	0	0	0	0	0	0
0	0	0	0	0	0	0	0	0	0	20.537	7.494	0.000	9.355	0.000	10.680	11.789	14.013	6.869	0.000	0.000	0.000	15.166	0.000	0.000	6.144	1.708	0.000	6.969	0.000	5.789	8.402	0.000	3.469	13.327	1.740	2.832	13.404	0.000	0.000	0.000	21.033	0.000	9.599	0.000	0.000	12.287	2.569	0.000	0.000	15.701	18.975	25.307	27.201	0.000	0.000	4.315	4.230	0.000	0.000	0.000	0.000	5.061	0.000	0.000	14.035	14.814	0.000	10.534	0.000	11.078	0.000	1.583	0.000	0.000	0.000	1.592	0.000	3.713	0.000	3.866	4.516	14.749	0.357	0.986	11.099	2.574	12.725	3.311	0.000	0.000	1.746	21.847	0.000	20.647	6.633	0.000	7.065	4.165	0.000	5.677	4.182	11.837	11.012	6.048	0.000	0.000	25.708	0.000	8.619	8.933	1.159	3.031	8.780	0.938	11.774	16.813	0.000	0.000	7.676	0.000	0.000	0.000	0.000	11.047	2.144	0.000	8.243	0.000	2.540	0.000	0.000	7.216	3.315	0.000	8.334	5.928	0.438	13.061	17.878	10.464	8.930	0.386	0.385	1.493	10.166	0.379	10.232	0.000	9.922	10.932	0.000	5.627	23.261	0	0	0	0	0	0	0	0
0	0	0	0	0	0	0	0	0	0	17.132	0.000	5.098	0.000	0.000	25.037	0.000	0.000	0.000	12.275	9.063	0.000	0.000	1.474	0.000	10.597	0.000	4.650	0.000	0.000	0.000	12.814	0.300	1.665	5.265	0.000	8.242	0.525	4.683	0.000	0.000	16.557	5.160	0.000	0.000	14.262	30.748	0.000	2.030	0.000	0.000	0.000	16.363	0.000	0.000	0.000	0.000	0.000	0.000	19.000	3.984	12.328	0.000	2.136	0.000	11.811	19.594	14.787	5.606	0.000	0.307	0.000	8.554	0.968	18.399	10.177	2.015	0.952	2.929	17.096	9.992	0.000	8.214	3.096	1.440	0.000	2.855	4.297	0.000	6.871	10.521	0.000	0.000	5.466	10.381	0.000	0.000	29.479	2.166	11.652	0.000	3.856	0.000	8.167	0.000	0.436	13.497	0.000	6.156	1.487	0.000	8.679	0.000	0.000	0.000	3.843	2.891	0.000	0.000	7.052	7.307	0.000	25.038	6.208	0.000	16.683	13.667	21.845	12.669	0.000	0.000	7.929	0.000	0.000	8.557	0.000	0.000	15.507	0.000	18.267	7.165	0.000	3.206	8.282	0.000	0.000	0.000	3.142	3.788	4.329	14.318	0.000	1.496	7.663	7.131	0	0	0	0	0	0	0
0	0	0	0	0	0	0	0	0	33.760	4.749	5.306	7.290	9.362	0.000	5.694	0.000	0.000	8.288	0.000	0.497	15.134	12.466	12.476	0.000	0.000	0.000	0.000	0.000	5.565	24.239	8.347	7.853	8.014	0.000	6.105	0.000	2.752	0.000	0.000	0.457	0.000	14.224	0.000	0.000	15.011	0.000	0.000	14.713	27.737	17.707	0.000	0.000	5.595	0.000	0.000	0.000	0.000	17.906	0.000	13.831	10.009	7.421	0.000	0.000	0.346	1.138	10.358	0.000	20.227	0.000	0.000	0.000	0.000	1.900	7.048	0.000	19.676	11.678	0.000	15.456	0.000	4.215	4.047	0.000	9.598	21.755	12.948	2.103	0.000	14.457	2.031	13.744	8.870	9.955	19.613	0.000	32.307	0.000	2.210	10.628	0.000	0.000	0.000	7.751	3.458	0.000	19.084	1.725	6.054	0.000	8.507	0.000	17.249	2.125	0.000	7.712	2.168	6.863	6.582	0.000	11.756	2.219	7.632	1.535	2.919	0.000	15.607	7.657	7.418	6.644	0.000	7.676	9.624	17.275	0.000	5.588	4.831	0.000	1.744	0.000	0.000	7.183	0.000	4.279	18.548	1.647	0.000	4.493	16.428	8.097	0.000	17.349	0.000	4.508	0	0	0	0	0	0	0
0	0	0	0	0	0	0	0	0.000	30.541	0.000	0.000	2.984	8.154	0.000	0.000	0.438	4.691	0.000	4.082	6.906	0.000	0.000	0.000	0.000	2.118	6.544	25.557	3.727	0.000	17.779	4.320	0.000	0.000	5.748	3.453	0.000	0.000	0.000	8.098	1.228	0.000	6.733	0.000	14.017	0.000	0.000	113.516	22.715	0.000	13.622	0.000	20.845	0.000	0.000	0.000	9.143	0.000	12.569	11.188	5.056	0.000	10.289	0.000	0.000	0.000	12.462	3.975	19.386	13.965	0.000	1.179	0.000	3.320	0.000	0.000	0.000	0.000	10.536	2.391	0.000	3.372	11.762	0.960	0.000	0.000	0.000	11.020	14.263	0.000	0.000	12.929	30.249	7.140	15.615	0.000	4.092	2.380	0.000	0.435	7.738	0.000	0.000	0.000	26.856	18.477	0.000	0.000	32.740	10.748	7.433	15.207	15.999	12.695	0.000	9.354	20.257	0.000	14.935	0.000	2.592	0.000	4.125	0.000	3.646	0.000	0.000	0.000	6.714	19.404	0.000	0.000	0.000	10.943	0.000	0.000	0.000	7.245	0.000	1.138	7.991	5.161	8.359	6.031	12.978	0.000	8.399	12.895	6.631	0.367	0.000	0.000	5.203	0.000	17.644	0.000	0	0	0	0	0	0
0	0	0	0	0	0	0	0	0.000	9.246	11.830	0.000	12.948	0.000	0.000	5.266	0.000	0.000	1.316	0.000	3.149	2.241	24.745	17.248	3.357	3.372	25.129	0.000	0.000	17.228	0.000	0.000	14.131	7.498	0.000	7.705	0.000	18.622	0.000	7.118	0.000	0.000	0.000	1.245	0.000	3.922	0.000	10.010	17.121	5.481	2.675	0.000	0.000	0.000	10.345	7.227	0.000	0.000	0.000	0.000	9.155	12.191	0.000	0.000	2.855	0.000	5.198	2.589	0.000	14.678	0.000	0.000	7.030	0.000	4.168	6.226	0.298	0.000	0.000	4.915	2.083	1.403	0.000	0.000	8.201	0.000	0.000	6.501	0.000	0.000	10.445	30.794	6.052	11.340	18.586	7.214	3.138	4.224	0.000	13.483	18.157	1.588	0.000	6.948	2.784	0.000	9.028	4.736	0.000	5.354	0.000	0.000	16.488	5.718	7.586	19.359	0.000	5.044	30.135	0.000	5.620	0.000	26.498	0.000	0.000	8.388	0.000	0.386	7.304	0.000	0.000	0.000	0.000	13.754	1.189	0.000	0.000	14.087	3.172	18.899	0.000	0.000	18.675	0.435	27.786	12.754	10.084	0.000	1.167	6.309	0.000	21.057	6.786	1.728	0.681	38.328	0	0	0	0	0	0
0	0	0	0	0	0	0	0.000	14.539	10.874	6.717	0.000	0.000	0.000	7.055	4.399	4.378	18.675	8.026	0.000	9.320	3.829	0.000	0.000	18.079	0.000	1.192	5.316	2.118	0.000	7.030	2.990	0.000	7.766	2.673	5.307	0.000	0.545	12.087	14.540	0.000	0.000	0.000	4.209	8.166	5.566	6.553	11.300	2.403	5.651	1.450	1.297	0.000	0.000	0.000	24.617	5.268	11.126	3.209	0.000	0.000	0.000	3.638	18.884	0.000	0.000	4.398	15.889	3.406	11.516	5.677	5.067	16.277	10.954	31.015	3.379	11.612	0.000	0.000	0.000	16.815	4.048	0.397	4.556	2.061	2.429	0.000	0.000	3.094	0.000	8.771	1.906	13.704	10.633	11.567	9.985	2.607	2.061	27.555	0.497	0.000	7.261	14.306	2.842	1.545	4.030	5.306	25.857	10.832	11.327	5.346	0.000	4.478	16.597	0.000	12.311	2.182	0.000	0.000	12.296	22.422	0.000	4.952	0.000	0.000	0.000	10.060	0.000	2.658	21.575	3.621	20.791	21.635	0.000	1.046	0.333	8.962	6.433	0.000	10.945	4.994	0.000	17.011	0.000	0.000	0.000	18.362	0.000	0.000	0.000	1.856	0.000	0.000	0.000	0.000	28.930	0	0	0	0	0	0
0	0	0	0	0	0	0	0.000	15.345	25.112	0.000	0.000	0.000	1.188	0.000	0.000	22.885	0.000	0.000	8.297	1.793	4.771	0.000	2.160	31.570	16.591	20.295	0.000	0.000	1.295	12.948	16.737	5.536	26.556	7.793	0.000	0.000	0.000	0.000	5.851	3.837	4.362	0.000	5.910	0.000	7.708	0.000	1.518	0.000	8.704	15.502	0.000	6.035	0.000	0.000	14.096	21.804	2.320	5.202	31.682	0.000	1.553	0.000	0.000	0.000	5.563	4.284	2.416	0.472	6.477	0.000	18.958	1.200	2.112	3.051	16.978	9.144	0.000	0.000	5.130	0.000	0.000	0.000	1.230	5.455	9.619	9.520	0.000	0.000	8.782	6.956	4.622	8.292	12.791	0.000	0.000	0.000	0.000	7.302	0.448	0.000	0.000	11.553	24.744	0.000	0.000	7.093	6.840	0.000	1.680	0.000	0.000	3.599	7.715	5.056	16.882	2.055	29.667	0.000	3.807	0.000	0.000	0.000	0.000	0.000	0.000	0.000	16.578	0.000	0.000	19.300	0.000	0.000	1.783	15.387	0.345	0.000	2.893	2.251	0.000	0.000	0.000	0.000	1.959	0.000	9.517	3.522	2.362	0.000	0.514	13.412	3.867	0.000	0.000	0.000	29.748	115.854	0	0	0	0	0
0	0	0	0	0	0	0	13.222	1.587	13.823	27.080	0.000	0.000	0.000	16.668	5.493	5.154	21.008	12.634	5.802	13.091	0.457	16.152	0.327	0.000	0.000	8.473	9.259	10.941	14.447	2.791	1.309	6.589	0.000	31.227	11.725	3.474	17.122	2.788	9.586	1.761	18.340	9.573	14.574	0.000	11.524	17.821	0.000	5.157	3.537	1.306	0.000	0.000	0.000	10.271	0.000	0.000	25.029	0.000	0.000	22.490	17.602	6.145	0.000	0.000	0.000	1.920	0.000	2.375	6.576	0.000	13.341	0.000	6.447	14.183	9.104	2.272	5.333	7.353	9.270	0.000	4.621	10.173	0.000	0.000	10.923	9.343	14.248	8.394	18.359	4.604	9.102	0.000	18.447	20.171	20.469	11.934	22.080	6.056	6.659	5.782	12.444	26.771	7.047	0.000	11.466	0.000	10.883	0.000	12.157	0.000	0.000	0.000	0.000	0.000	2.690	1.901	0.000	18.306	0.000	11.198	0.000	0.000	0.000	0.000	0.000	4.511	0.000	2.443	0.000	2.696	0.000	0.921	0.000	3.268	17.390	0.000	12.547	9.047	15.670	6.604	0.000	14.095	0.000	9.959	17.526	3.509	5.959	0.000	0.000	4.342	0.000	0.000	0.000	19.660	9.528	0.000	0	0	0	0	0
0	0	0	0	0	0	0.000	2.329	0.000	0.479	0.000	9.185	3.065	2.549	8.910	0.000	5.943	0.000	3.501	20.937	7.011	8.453	0.000	6.748	7.141	0.000	0.000	7.101	0.000	0.000	3.627	0.000	0.000	1.919	10.042	0.000	0.000	0.000	13.349	17.068	0.000	7.896	8.439	1.708	0.000	8.016	14.386	0.000	3.144	2.855	14.338	13.861	9.898	0.000	0.000	11.905	0.000	0.000	0.000	1.618	16.636	5.931	0.000	0.505	15.840	7.235	6.807	0.417	0.000	15.041	0.000	1.721	0.000	0.000	12.182	4.151	8.224	0.000	20.910	0.000	0.000	12.165	0.000	0.000	0.000	0.000	0.000	0.000	9.724	17.348	0.506	9.542	10.404	14.271	9.630	0.000	1.298	0.406	6.937	8.975	18.967	0.000	11.215	6.932	5.742	6.233	0.000	15.226	6.079	6.550	0.000	0.000	0.000	0.000	15.342	15.536	0.000	1.745	6.442	0.000	15.140	0.000	13.963	0.000	18.871	5.919	4.831	0.000	3.379	0.000	0.891	8.543	0.000	0.000	0.966	12.237	0.000	0.000	7.527	5.699	9.201	11.335	0.000	0.000	0.000	1.257	0.368	5.576	9.363	0.000	3.423	15.650	0.000	0.000	8.329	0.000	3.424	0	0	0	0	0
0	0	0	0	0	0	0	2.754	0.000	16.036	0.000	0.000	0.000	12.554	2.497	26.442	0.000	0.000	13.035	18.469	4.264	0.000	20.548	11.546	0.000	8.169	4.461	0.000	19.382	17.476	9.506	5.886	8.265	9.586	8.618	0.000	11.335	8.590	0.000	0.000	0.000	8.962	13.678	0.000	0.000	5.999	0.000	0.000	0.403	0.000	19.548	0.000	8.739	0.000	8.694	6.434	0.000	0.000	0.000	13.350	0.000	4.124	2.730	0.000	13.927	5.758	19.439	0.000	0.000	1.963	0.000	0.000	0.000	0.000	0.000	10.115	3.879	4.712	0.000	12.716	0.000	0.000	13.725	4.577	3.638	0.000	0.000	5.071	0.000	2.709	6.483	0.414	0.000	6.147	0.000	4.601	8.397	9.618	1.372	8.465	0.000	9.609	14.129	4.502	0.000	21.708	10.272	0.000	0.000	3.804	0.000	0.000	4.565	14.708	3.026	5.242	0.000	3.486	0.000	0.000	7.230	13.250	2.792	22.460	13.520	0.000	0.000	6.486	17.314	16.801	1.303	8.197	6.228	4.533	7.231	12.794	0.000	0.000	5.298	4.047	0.000	0.000	0.000	6.972	0.000	4.044	10.925	14.599	11.230	4.351	8.433	17.146	0.000	1.908	16.521	10.783	13.431	23.358	0	0	0	0
0	0	0	0	0	0	0	10.769	0.000	2.760	15.250	4.746	0.000	0.000	16.725	0.000	0.000	14.998	4.167	0.547	10.971	11.687	3.491	0.000	11.059	16.175	0.000	0.000	0.000	5.810	0.000	8.067	10.160	0.000	0.000	8.611	0.000	0.000	2.298	0.000	14.906	4.458	0.000	0.000	0.000	17.685	16.931	6.204	0.000	6.784	0.000	0.000	0.000	0.380	4.242	3.794	22.010	0.000	11.232	8.652	0.000	12.910	15.045	13.198	0.000	0.000	0.000	0.000	0.000	10.294	0.000	0.425	0.000	16.577	4.952	0.439	12.714	2.637	8.436	24.672	3.873	0.000	0.000	0.000	0.000	12.439	4.269	20.103	14.305	0.000	0.000	21.930	7.671	0.478	8.895	8.370	11.253	0.000	1.707	0.469	4.211	8.673	17.346	0.000	6.215	13.404	12.552	3.453	0.000	3.057	0.000	0.000	0.000	7.609	0.000	1.874	2.179	12.726	23.206	0.000	0.000	0.000	0.000	9.223	12.705	0.000	9.898	19.843	0.000	0.000	3.125	10.521	0.000	7.121	19.516	18.968	9.922	0.000	5.263	18.509	0.000	2.214	0.000	5.575	10.058	10.272	3.230	0.000	20.061	8.995	0.000	8.037	0.000	0.000	20.802	19.783	11.461	0.000	0	0	0	0
0	0	0	0	0	0	38.186	0.000	0.000	0.000	13.690	0.000	6.758	5.684	1.162	14.240	0.000	6.812	15.389	0.000	2.051	13.212	7.760	0.000	0.000	0.000	4.205	0.000	3.400	8.974	13.954	10.016	4.002	11.243	0.000	24.866	0.000	0.000	5.835	14.747	0.000	3.328	0.000	0.000	1.201	20.266	0.000	0.000	0.000	15.473	0.000	7.091	0.000	22.632	0.000	0.000	0.000	15.484	1.525	0.000	4.276	10.059	14.642	21.897	0.000	0.000	15.228	19.519	16.930	0.000	5.314	0.000	0.000	0.000	11.720	0.000	13.365	15.344	0.000	0.000	20.599	0.000	9.420	0.000	13.479	12.431	9.052	22.742	14.420	9.433	20.690	0.000	0.000	0.000	4.661	0.000	5.868	0.000	0.000	0.000	14.648	13.057	0.000	9.783	10.714	13.569	0.000	0.000	5.435	0.000	5.217	17.414	0.000	6.503	0.424	1.358	8.229	6.706	0.000	4.782	0.000	0.000	0.000	11.951	9.582	1.442	1.303	16.831	0.000	15.553	3.717	0.000	0.000	11.359	0.000	0.000	0.000	0.000	0.000	12.236	14.506	1.996	2.456	0.000	0.000	8.733	0.000	24.823	0.000	11.873	0.000	0.000	0.000	0.000	1.406	12.362	0.000	3.082	30.303	0	0	0
0	0	0	0	0	0.000	3.426	0.000	14.873	8.174	10.795	0.000	0.000	18.978	9.280	0.000	0.000	0.000	0.000	8.278	0.000	0.000	0.000	0.000	6.485	15.325	0.000	0.000	3.396	0.000	0.000	0.000	0.000	14.238	0.000	0.000	26.527	20.586	15.692	10.591	0.000	0.000	9.733	0.000	15.713	3.880	0.000	13.288	0.000	3.663	10.870	7.285	1.497	0.000	0.000	1.533	11.031	0.000	5.229	2.045	0.000	0.000	3.041	7.144	11.261	3.910	5.732	5.790	6.726	1.207	2.588	10.975	0.000	2.318	5.719	0.000	9.474	10.292	0.000	4.313	14.127	0.000	0.000	0.000	10.900	13.310	18.014	4.181	0.000	4.013	27.850	23.335	0.000	5.343	9.163	3.087	4.039	20.831	0.000	4.744	1.752	1.400	6.490	0.000	10.137	0.000	0.000	0.000	0.000	12.680	1.320	0.000	6.174	0.447	8.440	0.000	2.395	6.024	0.000	8.785	0.000	0.000	0.000	13.878	5.532	1.270	0.000	0.000	0.000	16.354	3.809	0.000	0.000	5.221	8.194	0.000	0.000	0.000	0.000	13.704	9.222	6.343	0.000	0.000	12.269	0.000	3.290	1.226	6.878	16.119	6.513	5.164	0.000	0.000	16.573	6.290	0.000	5.174	16.095	0	0	0
0	0	0	0	4.243	15.861	0.000	15.219	0.000	0.000	0.000	7.696	0.000	0.000	0.000	0.000	0.000	13.229	0.000	0.000	0.000	0.000	0.000	10.405	0.000	0.000	3.194	0.000	1.117	0.000	6.938	5.481	0.000	1.164	4.087	8.310	0.000	14.506	9.726	0.000	20.749	12.563	0.000	0.000	0.000	0.000	24.107	0.000	0.000	3.062	0.000	8.376	4.080	0.000	7.065	0.443	7.504	0.000	5.459	5.331	3.186	0.000	0.000	25.750	0.000	0.477	31.234	8.551	9.881	0.000	7.355	0.000	0.000	0.000	7.213	0.000	0.000	0.000	12.805	0.000	0.000	7.377	17.995	11.214	0.000	0.000	7.423	0.000	15.502	0.000	8.358	12.940	0.000	0.000	0.000	0.000	2.473	24.706	2.007	0.000	0.000	18.241	0.000	5.114	6.404	7.071	7.057	0.000	0.000	5.119	0.000	5.682	2.216	0.000	8.326	20.290	3.788	3.422	0.324	0.000	0.000	0.000	1.889	9.596	12.959	4.949	10.949	8.263	1.743	0.000	2.149	0.000	0.000	20.450	4.415	15.066	0.000	18.337	0.000	0.000	13.272	0.972	3.975	1.288	0.000	0.000	5.822	3.931	17.886	0.000	10.347	11.574	0.000	25.797	0.000	15.364	1.331	33.762	2.945	0	0	0
0	0	0	0	0.000	19.951	3.637	1.314	8.899	35.668	5.243	7.917	13.797	21.115	6.401	8.761	5.036	0.000	9.842	0.000	3.923	0.500	0.000	0.000	10.941	0.000	0.000	0.000	1.060	0.000	9.703	5.878	9.223	1.509	0.881	3.355	15.404	24.464	3.017	15.958	8.949	2.947	0.000	10.136	6.622	0.000	5.340	13.163	5.016	0.000	9.156	3.749	0.508	9.735	0.000	6.961	0.430	11.646	0.000	0.547	9.122	3.122	0.000	0.000	16.361	0.000	0.000	0.000	25.650	0.000	0.000	0.000	6.492	0.000	12.594	5.309	0.000	3.408	4.489	0.000	1.183	3.191	0.000	9.244	14.432	1.475	0.000	13.647	6.932	21.041	13.570	10.100	0.000	2.457	20.103	7.675	21.720	8.195	0.000	4.057	7.859	13.760	0.000	0.000	6.358	13.919	13.920	0.000	0.000	11.804	9.890	0.000	8.292	0.000	8.326	0.000	11.349	0.000	0.000	2.976	0.000	0.000	1.695	8.894	3.709	0.000	0.000	6.469	10.017	0.000	15.506	9.481	10.706	12.148	1.913	18.171	6.960	2.438	1.621	8.085	0.000	3.193	0.000	0.000	27.111	0.000	7.906	10.090	7.038	1.405	1.154	12.902	7.390	12.287	8.546	0.000	0.000	14.220	21.524	17.837	0	0
0	0	0	37.560	0.000	1.649	13.014	7.598	6.731	8.748	21.488	2.216	3.934	5.322	0.000	10.189	0.000	5.989	0.000	6.588	8.485	0.000	3.152	26.941	3.519	10.086	0.368	0.000	15.327	0.000	0.000	0.477	0.000	1.849	4.707	1.873	0.344	2.346	0.000	0.000	0.000	0.952	11.502	0.000	7.707	1.529	0.000	0.000	4.750	0.000	0.000	13.591	0.000	0.000	2.001	0.000	0.483	0.000	7.074	0.000	10.667	0.000	15.684	0.000	40.006	0.000	0.000	3.810	0.000	0.487	0.000	13.643	16.225	13.558	0.371	0.000	6.354	0.000	22.229	4.383	0.000	1.651	0.000	3.592	9.870	0.000	0.000	0.397	11.169	6.280	11.861	11.388	0.000	0.000	0.000	2.649	17.243	0.000	0.000	11.039	35.601	0.000	1.588	0.000	0.000	2.825	16.838	11.663	8.146	0.000	2.327	0.000	0.000	22.708	0.000	6.195	4.825	0.000	13.228	7.048	14.274	4.504	0.000	5.589	0.000	8.492	0.000	0.000	3.641	8.890	7.265	0.000	0.000	5.084	3.874	0.000	0.925	0.000	16.957	1.771	5.295	3.093	8.021	1.523	0.000	0.000	10.140	0.000	0.000	12.158	0.000	8.277	0.000	0.000	13.332	0.000	1.749	3.676	9.343	13.264	0	0
0	0	0	11.954	0.000	19.521	12.084	3.712	0.000	0.000	0.000	0.000	0.310	0.000	5.744	0.000	0.000	3.393	0.000	8.513	0.000	3.441	7.112	7.712	0.000	7.203	0.000	7.011	0.000	0.000	0.361	10.016	7.841	5.488	6.996	0.000	1.446	0.000	0.309	12.105	0.000	0.348	0.000	5.408	0.000	0.000	1.769	0.000	8.388	0.000	9.382	0.000	8.442	7.604	0.000	10.820	17.678	0.000	0.000	0.000	7.449	4.632	7.286	0.000	5.727	7.498	3.544	3.954	12.042	17.108	4.300	0.000	0.000	0.000	9.489	11.522	0.000	11.907	19.142	0.000	0.000	15.762	0.000	0.000	0.000	0.000	0.000	4.191	0.452	12.643	0.000	16.882	13.990	6.182	0.000	8.989	0.000	0.000	2.021	0.000	0.000	0.000	7.444	27.737	7.713	4.512	11.304	0.000	0.000	0.000	12.532	0.000	0.395	14.817	2.982	1.358	0.000	0.000	0.000	3.311	31.639	10.122	8.402	3.810	12.025	0.000	10.036	0.000	18.147	0.000	1.060	9.565	0.000	11.820	0.000	0.000	0.000	0.000	8.036	0.000	9.320	12.755	0.000	0.000	0.000	16.061	12.046	0.000	18.998	0.000	0.000	8.613	12.582	21.590	12.113	16.804	0.000	6.191	0.000	3.299	0	0
0	0	0	0.000	0.000	0.000	0.000	11.002	38.165	14.617	0.000	0.000	0.000	7.111	9.521	4.841	10.949	0.000	0.000	0.000	0.000	5.056	0.000	13.337	0.000	0.000	0.000	8.001	0.364	1.881	0.000	0.000	0.000	9.559	4.367	7.123	5.461	13.558	0.000	0.000	0.326	1.867	3.439	0.000	0.377	5.723	4.763	0.000	0.000	0.000	5.960	7.313	0.000	0.000	0.000	1.964	0.000	0.000	0.000	0.000	11.237	0.000	21.831	8.831	0.000	0.000	0.000	0.000	0.000	7.123	0.000	5.051	0.000	6.060	0.000	0.000	20.181	18.908	15.680	5.812	8.535	0.000	3.466	12.172	0.000	0.000	1.256	6.221	0.000	8.477	1.830	0.000	0.000	12.044	24.651	0.468	0.000	6.122	0.000	0.000	0.000	0.000	1.057	8.365	0.000	0.000	0.000	6.195	0.000	9.755	6.347	20.742	13.671	0.000	9.736	0.000	13.934	6.237	0.000	11.462	0.000	0.000	1.704	3.201	0.000	9.463	6.318	7.614	9.712	1.144	0.000	4.834	0.317	1.947	3.049	0.000	0.000	0.000	0.000	16.907	5.266	4.931	12.188	7.403	6.926	13.004	0.000	0.000	5.109	25.123	0.000	0.000	0.000	0.405	16.943	1.299	0.000	0.443	0.000	1.784	40.675	0
0	0	71.758	6.843	5.904	14.179	0.000	0.000	1.966	0.000	9.680	7.242	2.513	11.153	12.612	10.340	4.970	0.000	12.211	0.420	0.000	7.101	9.899	0.000	0.000	0.000	7.848	0.000	0.000	0.000	0.000	0.000	6.338	3.709	3.737	0.000	1.530	0.000	2.048	8.497	0.000	11.899	3.719	20.550	3.594	0.000	0.000	0.000	0.000	0.000	0.000	0.474	0.464	0.000	7.421	2.037	0.000	0.000	1.286	1.771	8.097	7.593	2.124	8.634	8.412	1.961	5.631	0.000	17.262	13.266	0.000	9.830	0.000	8.036	0.000	0.000	3.547	11.407	6.046	12.908	5.241	0.000	0.000	4.075	13.969	1.222	0.000	17.421	0.000	17.540	9.812	9.099	9.454	4.997	25.351	0.000	6.142	5.620	8.436	10.898	0.000	17.167	14.991	3.643	5.532	0.000	0.000	9.188	11.123	2.435	8.677	1.599	7.615	0.000	3.251	0.000	0.000	4.807	8.104	2.051	4.221	15.907	8.164	0.000	15.569	0.000	0.000	0.000	14.016	0.000	0.000	11.607	0.000	0.000	0.000	0.000	10.022	0.000	17.048	11.973	3.245	0.000	11.119	3.745	3.268	0.000	0.000	4.095	0.000	0.000	2.556	0.000	8.997	0.000	10.651	0.000	14.432	4.983	0.000	16.529	0.000	0
0	0	10.695	0.000	19.008	4.655	13.108	0.000	6.792	22.982	0.000	8.829	3.369	0.000	0.000	0.000	0.000	0.000	12.587	1.293	14.219	0.000	0.000	9.758	3.211	0.000	10.839	11.551	0.000	5.734	8.131	0.000	0.000	16.186	11.132	3.077	0.000	8.077	11.092	0.000	10.966	4.023	0.000	0.000	5.802	1.642	14.454	10.005	0.000	0.000	2.000	2.972	4.731	16.184	6.868	0.000	17.285	8.530	0.000	0.000	0.000	1.479	0.000	0.000	0.000	18.903	0.000	11.493	4.398	4.746	18.678	15.886	0.000	0.291	21.356	13.728	1.085	0.000	0.462	5.680	6.199	21.980	11.389	18.522	1.349	0.000	4.620	0.000	2.231	0.440	3.892	0.000	0.466	0.000	0.000	0.000	0.000	4.607	0.000	7.686	0.000	6.446	3.621	0.000	6.593	21.429	4.655	0.000	6.120	0.000	4.080	13.103	11.606	0.000	1.980	0.000	0.000	0.000	0.000	0.000	2.213	6.896	0.000	0.000	6.890	0.000	16.334	0.000	0.000	0.000	4.674	0.000	0.000	16.207	9.838	2.279	0.000	0.395	0.000	0.000	0.000	0.000	3.686	0.000	17.908	0.000	0.000	0.000	0.000	10.457	0.000	0.000	3.197	14.674	0.000	0.000	20.681	0.000	0.000	0.000	0.000	0
0	0	0.000	0.000	0.535	0.000	7.688	0.000	26.404	15.564	0.000	0.000	28.266	7.560	8.334	12.679	0.000	0.000	6.982	2.245	4.590	0.000	23.437	0.000	13.496	0.000	0.000	16.030	11.661	1.006	8.160	6.996	0.000	9.985	11.516	0.000	2.907	12.725	10.470	0.000	7.164	22.206	17.947	0.000	0.000	0.000	6.460	9.286	0.000	0.000	0.000	0.000	3.610	2.099	6.386	0.000	0.000	11.382	12.768	20.763	4.452	0.000	6.931	0.000	0.000	5.444	0.000	0.000	17.268	14.648	8.868	0.000	8.277	0.000	13.369	15.384	13.752	0.000	9.165	0.000	18.600	17.248	5.199	0.000	24.810	11.958	1.441	9.276	5.433	10.697	0.356	0.000	0.000	7.830	0.000	5.079	9.118	0.000	0.000	7.397	5.747	3.348	0.000	5.970	8.792	0.000	0.000	5.305	0.000	12.158	6.612	3.777	10.419	0.000	0.000	18.738	0.000	10.764	0.000	0.000	16.519	0.000	26.612	7.683	0.000	0.000	3.573	0.000	21.747	7.757	6.940	0.000	0.000	0.000	0.936	4.093	0.000	0.000	0.319	8.469	9.574	0.000	2.073	11.027	2.529	8.105	0.000	6.044	10.576	0.000	0.000	0.000	0.000	6.698	0.000	0.426	8.229	19.115	3.077	0.000	6.883	0
0	0	0.000	6.169	13.453	0.000	7.578	0.000	0.000	4.027	0.000	6.114	0.000	0.000	11.946	1.477	7.113	14.584	0.000	7.486	5.995	0.000	5.942	19.781	0.000	7.966	0.000	5.090	20.730	0.000	0.000	0.000	10.315	8.643	8.906	11.895	0.000	0.000	9.350	0.000	0.000	4.255	8.168	9.742	5.887	10.893	1.578	0.000	8.195	0.000	0.000	0.000	11.170	4.790	7.048	0.000	15.701	0.000	13.048	0.000	0.435	0.000	2.611	17.997	3.809	0.000	0.000	20.847	2.524	0.000	0.000	14.489	0.000	11.944	2.354	0.000	1.243	0.000	27.701	15.233	14.697	4.793	10.449	12.267	10.030	6.097	15.439	0.000	0.000	4.226	6.694	4.572	0.000	13.918	0.000	1.233	11.807	0.000	11.028	1.513	0.422	0.000	6.668	6.038	9.173	0.000	3.945	6.878	0.000	0.000	0.000	9.107	3.528	0.000	13.583	0.000	3.057	0.000	10.632	0.000	11.170	11.740	6.685	6.617	0.000	0.000	0.345	2.737	0.000	1.203	9.506	0.000	12.803	6.796	0.000	10.102	17.035	0.000	5.968	1.167	0.000	0.366	6.982	0.000	0.000	10.610	5.637	8.269	0.000	7.989	0.000	24.332	13.307	1.483	16.797	13.385	14.763	12.798	0.000	18.909	0.000	25.264
0	0	0.000	2.555	5.980	28.172	19.260	0.000	2.738	22.606	21.228	8.363	4.391	0.000	0.000	8.363	10.201	0.000	5.821	5.095	2.679	0.397	10.803	14.935	0.000	17.402	0.000	4.095	4.740	3.976	3.343	0.000	4.211	0.000	6.443	0.000	31.276	7.808	0.000	3.965	22.793	1.752	0.000	0.000	0.000	15.187	23.293	3.881	13.083	4.702	14.764	11.620	2.100	15.617	0.000	0.000	1.651	0.000	0.000	0.365	1.778	7.489	14.098	11.349	11.835	0.000	8.448	9.248	0.000	0.000	3.096	14.614	4.192	0.000	0.000	18.966	6.390	16.417	15.870	7.215	0.000	8.991	0.000	0.000	8.268	3.424	0.000	1.913	11.405	6.254	4.570	7.685	0.000	3.471	0.000	0.000	0.000	0.000	15.978	1.686	1.255	0.000	0.000	8.650	0.000	3.528	0.000	7.625	0.416	7.096	11.038	0.000	0.000	0.000	6.522	14.052	0.000	0.000	11.983	0.000	8.616	3.482	0.000	0.000	1.970	0.000	0.000	0.000	0.000	2.952	0.000	12.668	8.533	0.000	9.729	0.000	2.892	0.000	0.000	4.788	9.859	0.000	5.658	1.396	0.000	12.470	4.234	0.000	0.000	16.707	10.397	15.258	7.804	6.210	0.000	0.000	0.000	0.000	21.995	4.843	3.935	31.999
0	0	0	0.000	10.180	10.769	0.000	0.000	10.816	0.000	0.000	31.032	0.000	2.678	5.348	16.241	6.419	0.000	0.000	0.000	0.000	15.457	11.715	12.961	0.000	0.000	10.902	3.663	3.853	1.391	4.704	9.183	0.000	11.052	2.762	9.166	1.976	0.000	0.000	12.124	6.402	15.535	4.097	3.568	17.526	0.000	0.000	0.000	0.000	0.000	1.887	25.838	5.938	0.000	4.349	0.000	0.000	4.320	0.000	8.918	8.857	0.000	4.469	4.409	0.000	0.000	0.000	3.607	0.000	3.835	0.000	1.624	10.945	13.714	2.227	5.213	22.255	12.020	18.088	5.906	0.000	0.000	13.010	10.644	0.000	0.447	4.367	6.928	16.432	0.000	0.000	0.000	0.000	6.876	1.347	0.000	0.000	6.181	2.093	1.763	10.032	2.432	0.000	0.000	4.153	0.000	0.000	1.857	0.000	24.264	16.357	5.561	1.847	0.000	2.900	0.000	0.000	0.000	0.000	5.714	1.542	0.000	0.000	0.000	2.753	7.803	0.000	17.641	1.004	0.000	7.062	0.000	11.899	0.000	0.000	7.260	2.237	3.758	6.992	0.000	3.027	15.811	0.000	25.750	19.006	0.000	0.000	0.000	0.000	10.805	7.909	15.531	23.151	0.000	0.000	23.911	17.346	17.957	14.442	0.000	3.931	0.000
0	0	0.000	0.000	32.291	4.487	0.000	0.000	10.685	0.000	10.412	0.000	4.153	0.000	0.000	13.260	4.145	4.206	0.000	8.292	0.000	0.000	0.000	0.000	0.361	0.000	0.000	27.057	11.088	0.000	4.559	0.000	0.000	0.000	0.000	5.908	7.453	0.000	0.000	0.000	4.577	0.000	0.000	0.000	5.305	3.691	5.416	3.990	0.000	0.000	13.634	16.570	0.000	0.000	0.000	0.000	7.821	0.000	0.000	19.100	0.000	5.418	1.703	11.080	4.610	12.234	0.908	19.156	5.155	11.072	8.526	0.000	0.000	3.236	0.403	0.000	0.000	0.000	0.000	20.058	6.247	6.432	8.919	10.795	5.082	0.000	0.000	0.000	0.000	14.083	5.306	0.000	0.000	2.289	0.000	11.515	7.307	0.000	7.846	3.584	4.713	3.809	5.157	10.637	0.000	4.167	2.120	16.250	0.000	0.000	0.000	0.000	1.531	13.218	9.705	4.938	0.000	0.000	12.505	11.016	0.000	15.644	3.352	5.942	7.782	6.908	14.756	0.000	19.192	1.035	5.208	11.157	3.710	4.532	0.000	0.000	6.751	4.178	0.000	7.589	0.408	0.000	0.000	19.783	19.040	0.000	7.213	1.270	0.000	0.000	10.045	0.000	15.171	9.506	13.662	0.000	16.769	6.795	0.000	0.000	9.314	5.293
0	0	113.410	16.107	0.000	8.714	4.368	0.000	12.680	0.000	0.000	14.639	0.000	0.000	0.000	9.056	0.423	0.000	0.000	12.831	6.559	12.676	7.119	22.165	0.000	0.000	0.000	5.996	15.943	15.597	1.014	0.000	0.000	11.688	1.855	0.000	1.382	3.366	1.062	14.355	7.492	8.266	0.000	0.000	3.300	23.823	5.905	0.000	6.251	9.023	7.708	0.000	0.000	0.000	17.360	10.347	0.000	4.417	2.042	0.000	3.549	0.000	1.411	4.930	0.000	16.168	13.573	11.580	5.002	19.480	17.992	32.581	11.390	0.000	36.127	0.000	0.000	15.751	5.499	0.000	0.000	3.302	0.000	1.453	0.000	3.897	1.824	17.455	19.081	0.000	0.000	0.000	1.685	2.023	20.411	9.246	0.000	0.375	8.528	20.420	0.000	13.296	0.000	0.000	0.000	5.591	1.237	6.953	0.000	0.000	20.411	1.141	6.272	4.015	11.251	4.689	6.007	0.368	0.000	2.753	0.000	0.000	3.235	10.081	0.000	11.756	10.464	23.872	0.000	0.000	0.000	1.672	5.606	2.295	0.000	0.000	0.000	0.000	1.368	19.563	0.000	17.288	0.000	1.789	0.000	24.087	0.000	0.000	1.756	5.814	2.109	0.427	0.000	6.135	23.578	0.000	0.000	2.532	0.456	6.889	0.000	23.768
0	0	0	21.100	0.571	17.273	13.197	3.102	9.572	0.508	0.000	5.805	7.564	0.000	0.000	23.218	0.000	0.000	0.000	11.404	20.727	11.140	16.148	10.489	5.333	11.650	10.768	0.000	14.835	0.000	11.990	2.055	0.000	4.137	6.426	8.040	0.000	13.497	4.138	7.796	11.760	3.695	0.000	15.266	4.963	17.786	15.153	0.000	4.400	8.699	10.433	0.000	4.866	0.000	3.088	5.263	1.667	14.150	0.000	0.000	8.770	12.531	5.196	0.000	25.943	0.000	0.000	9.440	0.000	13.552	15.900	0.000	4.897	0.363	0.000	0.457	0.000	0.000	0.000	8.229	0.000	3.933	22.223	0.000	4.478	0.000	2.038	7.996	0.000	0.000	13.587	0.000	15.431	0.000	0.000	0.434	12.506	12.190	11.574	0.000	0.000	0.000	0.000	0.000	0.000	0.000	24.712	13.257	0.000	2.547	1.746	0.000	0.000	6.544	20.735	13.899	0.000	0.000	0.000	10.183	0.000	10.440	1.560	9.988	0.000	3.220	11.074	0.000	0.000	0.000	0.977	17.645	11.594	2.891	6.768	0.000	19.040	9.294	7.979	0.000	0.000	0.000	0.276	8.498	2.936	0.000	3.389	4.523	0.000	1.544	1.297	0.000	0.000	6.261	18.689	1.440	0.447	2.096	0.000	18.556	0.378	0.000
0	0	0	5.124	9.853	2.669	2.289	2.686	21.010	11.692	0.000	0.000	0.000	7.911	0.000	4.842	0.000	0.000	0.000	2.366	24.542	5.999	0.000	5.876	0.000	12.703	4.471	0.000	0.000	5.852	0.000	9.455	13.883	0.000	0.000	20.622	0.000	5.232	0.000	24.474	8.176	3.730	2.063	16.956	0.000	0.000	0.000	0.000	6.397	0.000	6.771	4.780	0.000	0.000	2.593	0.000	17.090	9.307	0.371	0.000	19.825	17.850	0.000	17.855	5.683	0.000	13.423	0.000	5.065	0.000	0.000	0.000	0.000	3.462	0.000	0.000	0.000	0.425	14.773	9.198	0.422	15.650	4.716	8.786	1.722	0.531	9.406	15.112	23.258	1.111	6.660	5.161	9.837	0.000	0.000	0.000	8.631	0.000	6.422	5.147	0.000	9.569	0.000	0.000	0.000	0.000	2.071	4.346	1.400	13.332	11.042	11.019	0.000	0.000	0.000	15.359	0.000	1.801	0.000	9.985	17.545	3.705	13.657	9.475	0.000	1.034	2.861	0.000	1.845	0.000	0.000	3.213	15.169	0.000	5.669	6.684	7.950	16.656	7.183	0.000	0.000	21.266	0.000	7.526	9.506	14.816	0.000	2.824	0.000	10.120	0.000	19.797	5.487	0.259	0.000	1.896	2.064	0.000	0.000	0.000	10.351	0.000
0	0	0	23.474	0.000	10.015	0.000	8.836	0.000	2.074	11.404	0.000	18.217	5.053	0.000	0.000	11.096	22.099	3.980	4.418	7.102	0.422	0.000	0.000	6.552	13.777	0.000	2.364	7.680	8.167	8.040	4.955	4.198	0.000	0.000	7.767	8.533	3.851	27.004	1.867	1.540	0.000	4.042	0.000	0.000	0.000	0.000	13.738	4.196	4.412	13.822	19.255	20.107	7.146	0.000	0.000	5.383	4.412	0.000	4.494	11.944	20.595	5.037	7.247	0.000	11.637	5.630	0.000	7.736	15.040	0.000	0.000	22.512	0.000	0.000	15.847	0.000	9.433	0.000	6.351	0.000	17.503	3.879	0.000	0.000	13.354	6.282	23.437	13.233	9.538	0.000	0.000	11.555	8.931	0.000	16.663	0.000	12.581	2.871	0.000	27.120	0.000	0.000	13.718	1.494	0.000	23.218	0.328	2.449	1.801	0.000	0.000	0.000	1.102	0.000	0.000	0.000	3.485	0.000	0.000	5.079	0.000	2.217	9.857	12.096	0.000	0.000	0.320	5.129	12.541	0.000	7.123	1.623	5.981	14.896	4.759	0.000	7.504	2.236	0.000	8.237	8.998	5.229	10.781	1.840	9.093	0.000	2.730	2.860	0.000	24.354	12.316	4.459	6.297	6.079	3.941	6.766	4.276	0.000	0.000	11.744	0.000
0	0	0	18.990	33.823	6.401	3.126	19.270	0.000	3.712	0.000	1.738	21.399	0.000	4.456	15.166	25.948	6.906	0.000	1.846	0.000	1.298	6.535	0.000	7.487	7.074	3.043	19.118	21.932	0.000	0.000	5.760	9.786	5.308	1.632	1.236	2.160	13.700	0.000	3.599	5.629	0.000	3.908	44.643	12.717	0.000	9.006	0.000	6.194	0.000	0.000	0.000	0.000	3.041	12.010	3.055	15.617	0.000	2.104	1.387	0.000	28.167	14.333	0.000	2.238	6.098	5.673	0.000	13.187	0.000	0.000	7.382	0.000	10.374	0.000	0.000	25.768	0.000	5.546	0.000	0.000	2.263	0.000	11.289	3.918	0.000	6.144	4.124	11.143	0.000	0.000	14.920	0.000	0.000	4.846	11.037	8.992	9.566	8.416	13.065	6.863	1.760	9.463	12.804	7.354	0.000	0.000	0.000	0.000	3.379	5.930	6.242	1.193	0.000	0.000	0.000	0.000	0.000	10.894	9.553	0.000	9.532	0.000	0.000	18.440	7.339	4.606	11.352	15.240	21.550	0.000	17.230	5.891	27.979	10.954	13.986	6.890	12.580	0.000	5.526	2.387	0.324	0.000	0.000	4.019	0.000	8.063	12.240	1.441	23.383	4.573	0.000	12.164	0.458	13.290	1.236	0.000	10.930	0.000	9.682	5.206	4.857
0	0	0	0	0.000	12.352	5.468	3.733	9.851	17.510	15.263	0.000	7.897	19.088	12.566	1.546	0.558	0.000	0.000	6.284	30.000	0.000	9.276	0.000	12.537	7.347	4.366	0.000	0.000	5.628	6.560	6.760	0.000	0.000	8.354	0.000	0.000	0.327	0.000	0.000	13.004	0.000	9.372	12.356	15.629	1.498	0.000	6.247	11.930	7.565	0.000	0.000	0.000	16.956	17.453	6.784	0.000	14.609	15.481	12.895	0.000	0.000	6.451	3.306	15.888	7.497	0.000	11.389	0.000	0.000	6.739	0.000	0.000	3.208	1.220	0.000	9.961	13.354	0.442	2.567	14.088	16.774	8.876	0.000	0.000	7.771	0.000	0.000	0.000	0.000	2.137	19.195	1.572	15.679	0.000	0.000	12.346	6.091	6.732	5.195	0.000	1.859	1.441	1.261	23.616	0.000	5.353	0.000	0.000	2.196	6.516	0.000	15.158	10.510	0.000	0.000	0.000	7.630	7.179	0.000	0.000	1.214	0.000	0.000	0.000	0.000	0.000	0.000	9.737	10.218	0.000	5.687	5.475	0.000	19.193	9.416	0.000	18.737	0.000	0.000	10.979	0.000	4.160	0.000	8.321	8.340	0.000	1.961	21.971	5.758	1.685	10.390	2.518	0.000	0.000	8.167	15.032	7.116	1.313	4.153	11.386	1.995
0	0	0	0	0	36.123	28.830	0.000	5.525	0.000	13.952	0.000	0.000	0.000	18.045	0.000	10.195	8.303	14.397	0.000	0.000	0.000	0.000	0.000	8.103	19.461	4.263	6.136	0.506	18.793	19.029	0.000	0.000	0.000	7.482	0.000	0.000	8.218	1.202	0.000	1.236	0.000	4.225	0.000	1.806	0.000	19.157	15.706	0.000	0.000	0.000	7.029	13.489	0.000	2.357	5.499	18.613	0.000	0.000	0.000	0.000	19.920	0.411	8.770	0.000	30.990	0.000	10.527	3.884	0.000	0.000	8.652	0.000	9.265	24.582	3.522	5.914	9.440	3.769	5.740	9.360	0.000	6.079	0.000	4.968	0.000	0.000	6.337	0.000	0.407	1.331	0.435	0.000	9.610	5.009	0.000	0.000	0.000	0.000	13.396	0.000	0.000	2.865	11.329	5.947	5.487	0.000	18.409	0.000	0.000	11.039	5.599	19.919	0.000	3.549	10.528	0.000	0.000	0.000	0.000	2.077	10.819	0.000	0.000	2.012	0.000	0.000	14.042	0.000	2.799	11.378	0.000	1.566	7.659	9.600	0.000	0.000	0.393	0.000	0.000	3.833	3.592	13.336	0.000	10.805	0.000	19.780	3.426	0.000	4.266	0.000	0.000	8.807	1.957	11.130	0.000	8.391	0.000	0.000	0.000	1.446	0.000
0	0	0	0	0	0	0.000	5.010	1.554	0.000	4.737	7.874	8.875	1.913	2.406	0.000	3.369	0.000	0.000	12.505	0.000	10.798	0.000	0.381	2.094	0.000	0.000	0.000	0.000	5.154	9.250	4.760	10.222	6.255	0.000	17.551	0.948	0.000	1.328	0.000	7.735	0.000	0.000	11.322	1.485	5.536	14.629	8.159	0.000	6.239	5.335	0.000	0.000	2.973	17.339	6.996	9.967	3.881	3.669	0.000	11.991	0.000	0.000	9.458	0.000	9.876	12.372	0.000	5.385	0.000	0.000	4.496	16.201	0.484	8.229	0.000	4.301	28.228	0.000	0.000	0.000	0.590	16.643	0.000	0.000	14.170	0.000	4.409	7.433	24.531	0.000	0.000	2.260	0.410	0.000	9.446	0.000	0.000	0.000	0.000	1.588	0.000	0.000	16.369	16.450	4.607	19.735	0.000	0.346	8.628	9.820	16.583	7.383	8.584	6.229	9.983	0.000	18.005	0.000	10.411	0.000	0.000	10.374	7.894	10.053	16.563	0.000	0.000	0.000	0.000	13.664	0.000	0.000	0.000	0.000	1.265	6.911	1.925	0.000	12.870	4.672	22.572	0.000	4.873	2.558	0.000	0.000	0.000	7.850	0.000	7.332	5.675	0.000	4.637	1.731	16.539	18.065	0.000	0.000	0.000	0.000	0.000
0	0	0	0	0	0.000	0.000	0.000	10.078	0.000	11.054	0.000	0.000	0.000	0.000	1.469	0.000	1.453	0.000	11.947	0.000	0.000	2.923	1.260	1.957	0.000	2.766	0.000	0.000	0.000	17.738	18.182	0.000	5.834	4.200	0.000	7.074	10.021	0.000	8.687	0.000	1.403	3.199	0.000	10.232	3.619	0.000	2.275	0.000	0.000	2.393	0.000	0.000	10.151	0.000	0.000	1.980	2.361	0.000	7.446	12.277	0.000	7.292	17.884	2.411	0.000	3.957	2.698	7.200	2.942	4.957	3.638	0.000	0.000	0.000	3.341	4.523	6.678	0.395	13.791	6.691	0.000	3.796	0.000	0.000	11.920	0.000	19.253	0.000	0.000	13.435	0.000	6.230	4.045	17.972	0.000	3.585	0.000	2.280	1.361	20.681	11.236	14.275	0.000	0.000	0.000	0.000	21.319	5.275	8.433	0.000	1.256	9.108	3.976	3.654	8.406	22.934	5.333	8.314	10.797	3.775	0.000	0.000	8.033	4.250	18.399	3.549	0.000	0.000	7.300	1.316	6.133	0.000	2.318	24.062	0.000	9.652	0.838	3.792	21.678	5.828	5.671	25.685	0.000	16.614	15.152	0.000	3.532	0.000	10.832	5.064	0.000	15.308	3.799	0.000	4.156	0.000	5.015	4.344	0.000	18.083	0
0	0	0	0	0	4.021	0.000	0.000	2.195	4.631	0.000	16.870	0.000	21.576	0.528	0.000	2.564	7.764	12.510	0.452	2.037	2.581	19.770	7.798	0.000	0.000	0.000	0.000	7.237	10.015	18.210	0.000	17.922	0.000	0.000	4.719	6.385	0.000	0.000	0.000	0.000	7.760	10.225	0.000	9.261	0.000	3.245	0.000	8.858	0.000	0.000	0.000	0.000	0.000	0.000	14.140	0.000	0.000	6.131	22.252	0.000	4.315	0.000	8.547	23.228	0.000	0.000	4.087	0.000	0.000	8.460	17.788	0.000	2.883	0.000	3.457	1.959	7.902	0.000	3.592	0.000	0.000	0.000	7.839	1.229	0.000	1.648	0.000	0.000	0.000	0.000	0.000	0.000	3.586	0.000	0.000	0.000	0.000	2.934	0.000	0.000	0.000	2.515	0.000	0.000	0.000	0.000	7.955	0.000	5.329	4.815	2.267	10.065	3.171	0.000	0.000	12.711	9.149	5.892	3.406	2.229	0.365	0.000	1.893	4.514	0.000	0.000	0.000	21.808	0.000	0.000	11.080	0.000	0.000	1.198	10.619	1.914	0.000	0.397	3.871	4.775	0.000	0.000	0.000	11.932	0.000	8.830	6.456	0.000	4.354	8.243	14.327	0.000	11.514	0.000	11.599	25.356	0.000	22.201	1.067	0.000	0
0	0	0	0	0	9.138	4.366	0.000	2.518	0.000	31.800	3.544	0.000	4.864	0.000	5.743	0.000	14.193	4.458	0.000	0.000	2.554	0.000	0.000	6.150	0.000	4.613	15.752	0.000	9.898	0.000	3.160	14.826	0.000	0.000	7.713	1.570	6.538	0.000	0.000	5.063	0.333	0.000	1.500	0.000	16.331	1.424	0.000	1.584	14.543	4.244	0.000	5.495	7.192	0.000	4.254	5.381	5.414	7.901	0.000	0.000	0.000	16.822	6.264	0.000	7.752	6.399	6.146	8.986	0.000	4.496	1.540	5.769	0.000	0.000	2.902	0.000	9.756	8.320	20.349	0.000	4.209	18.919	1.955	12.222	3.329	7.707	0.000	0.000	2.223	0.000	0.000	2.034	6.437	0.000	0.395	0.000	0.000	0.000	0.000	0.000	5.446	0.000	2.127	0.000	0.000	0.000	21.409	5.587	0.000	4.532	0.000	2.857	2.173	0.000	2.320	0.000	11.756	22.575	0.000	1.118	8.268	13.644	0.000	2.054	0.000	2.206	2.003	6.127	0.000	5.482	3.141	0.000	16.083	7.712	0.000	6.081	0.000	2.066	8.031	20.135	0.000	3.287	3.643	0.000	0.000	0.000	0.000	4.355	0.000	0.000	0.494	14.996	0.000	0.000	0.000	0.000	9.490	0.000	0.000	11.039	0
0	0	0	0	0	0.000	0.000	4.022	6.284	0.000	9.768	14.296	0.000	4.333	0.000	25.319	7.915	0.000	8.082	0.000	6.788	0.000	7.573	0.000	15.379	4.894	3.824	2.340	3.389	17.360	1.955	0.000	0.000	5.522	11.390	5.416	0.321	0.000	1.885	0.000	0.000	0.000	0.000	3.644	0.000	0.000	0.000	8.222	0.000	5.718	0.000	0.000	12.919	0.000	0.000	18.813	24.678	10.379	12.363	0.000	0.000	13.920	21.255	6.748	3.148	0.000	8.358	14.731	11.869	12.846	13.432	12.357	0.000	0.000	5.395	0.000	4.891	0.000	0.000	0.000	0.000	18.007	5.875	6.848	0.000	13.037	8.984	2.190	10.620	8.896	23.457	6.059	5.591	0.000	0.000	11.291	0.000	5.987	1.249	7.902	0.000	0.000	0.000	5.868	1.828	0.000	0.000	5.910	12.519	0.000	2.497	0.000	0.000	0.000	1.257	5.231	3.163	8.799	11.298	0.000	5.313	0.000	0.000	0.000	3.593	0.000	0.000	0.000	0.000	4.650	4.388	9.366	4.749	6.171	0.000	17.883	7.751	0.000	0.000	1.534	1.398	4.690	0.000	0.000	0.445	7.736	12.550	1.839	5.919	9.566	0.462	3.522	11.057	0.000	0.000	13.243	1.645	0.000	12.059	5.370	0.000	0
0	0	0	0	0	65.907	2.094	13.749	24.347	0.000	14.932	0.000	9.709	27.256	2.789	0.000	2.658	0.000	0.000	3.508	7.093	0.000	0.000	6.921	0.000	15.976	10.745	0.000	8.277	0.000	0.000	0.000	5.495	0.000	4.955	0.000	0.000	0.000	16.216	6.650	0.957	0.000	0.000	5.255	0.000	0.000	0.000	5.564	0.000	8.062	3.497	7.303	8.943	5.091	0.000	0.000	3.003	4.126	17.687	1.042	6.224	8.787	0.000	12.687	0.000	3.488	14.371	1.884	17.984	8.444	0.000	0.000	0.000	0.371	4.794	1.993	8.663	12.797	13.930	12.972	0.000	0.000	20.715	0.437	0.455	15.082	0.000	0.000	0.000	0.000	17.429	0.000	7.655	7.674	0.000	0.000	2.211	0.000	0.000	3.420	0.000	0.000	16.334	0.000	3.332	0.000	13.579	0.000	15.697	0.000	15.285	3.195	0.000	1.453	0.000	17.090	0.000	13.919	0.000	7.555	0.000	13.033	6.040	0.000	2.036	0.000	11.553	0.000	29.388	2.446	5.907	0.000	0.000	2.324	7.179	3.830	7.044	19.171	4.824	11.942	8.496	10.711	2.439	11.805	0.000	1.485	5.558	13.646	0.000	0.000	3.945	7.247	0.000	1.344	0.000	0.000	5.612	0.000	20.774	7.422	0.000	0
0	0	0	0	0	0	3.715	0.000	0.000	0.000	22.193	5.303	0.000	0.000	0.000	0.000	0.000	5.277	1.473	0.000	2.973	4.246	14.388	0.000	0.000	9.394	2.943	2.645	11.066	0.000	3.493	0.000	5.476	6.198	17.874	12.900	3.291	12.180	0.333	3.629	0.000	8.732	0.000	4.562	0.000	0.000	0.000	0.000	3.307	0.000	0.000	0.000	0.000	5.788	1.616	7.019	5.903	3.012	8.005	0.000	0.000	0.000	0.385	5.211	1.268	0.000	0.000	18.907	0.000	3.643	2.884	11.752	10.659	0.000	0.000	8.550	0.000	0.000	0.000	0.000	8.052	9.432	14.909	15.085	3.191	0.000	19.266	0.000	8.484	0.000	7.895	0.000	3.634	0.416	19.478	0.000	3.005	20.911	7.105	11.622	1.948	16.700	13.095	23.784	7.688	0.000	6.203	0.000	1.105	1.224	2.013	5.943	0.000	22.089	0.418	10.890	0.000	5.625	0.000	0.000	0.000	13.501	0.000	0.000	4.277	0.000	0.000	8.205	10.521	0.000	0.000	0.000	0.000	0.000	4.351	1.559	0.000	0.000	0.000	0.000	0.000	1.329	0.000	0.000	0.000	8.255	16.904	0.000	0.000	0.000	13.297	0.000	0.000	0.000	2.440	1.842	0.000	0.000	8.390	0.000	0	0
0	0	0	0	0	0	60.823	27.805	0.000	7.705	5.516	0.000	20.696	0.000	0.000	8.913	0.000	11.263	0.000	3.725	0.000	0.000	0.000	7.665	0.000	13.402	4.414	0.000	0.000	2.031	0.000	1.135	8.459	0.000	0.000	16.559	0.380	7.771	14.606	21.495	3.561	0.000	6.416	0.000	11.741	4.646	0.000	0.000	0.000	0.000	0.000	4.623	0.000	0.000	0.000	0.000	8.197	4.026	24.495	0.000	5.778	0.000	0.000	6.366	7.023	0.000	0.000	9.136	4.098	13.729	0.000	0.000	0.000	0.000	0.000	12.558	18.179	0.000	15.319	9.486	0.000	0.000	0.000	6.878	20.117	10.167	6.831	7.026	0.000	17.222	0.000	6.536	2.775	0.000	2.368	8.986	25.510	7.775	0.000	16.453	5.072	2.291	14.340	1.634	11.570	0.000	45.749	7.128	9.653	0.000	0.000	2.221	5.730	10.411	0.000	0.000	0.000	0.000	0.000	0.000	0.000	0.000	0.000	0.000	10.344	0.000	17.444	0.000	0.000	20.818	6.738	0.000	1.075	4.188	14.485	16.715	0.000	9.634	3.005	1.744	2.603	0.000	0.000	3.075	12.946	1.388	0.000	15.120	10.812	18.928	0.000	10.481	1.437	31.106	9.594	0.000	9.970	7.909	0.000	0.000	0	0
0	0	0	0	0	0	114.260	0.000	0.000	0.000	0.000	3.964	8.555	0.000	5.437	0.000	5.167	0.000	0.555	22.156	4.659	19.727	0.000	8.775	11.835	0.000	14.857	17.065	7.517	15.049	10.755	0.000	0.000	0.000	7.689	3.161	2.108	0.000	0.000	0.000	0.000	1.543	15.769	4.522	9.117	3.940	1.042	8.998	0.000	5.503	4.082	7.815	0.000	17.533	3.287	3.359	14.749	3.440	0.000	15.166	0.000	5.890	2.426	0.000	0.000	7.635	0.418	5.246	17.892	13.974	1.804	1.152	3.747	1.402	3.442	6.835	20.462	1.334	4.740	0.000	0.000	8.513	0.000	0.000	0.000	3.556	7.317	0.000	22.629	5.548	14.040	11.051	10.356	7.717	0.000	6.673	0.000	6.261	5.252	7.155	5.130	0.000	4.178	15.400	3.038	4.019	2.906	0.000	13.552	19.066	0.000	0.000	19.987	8.163	0.000	11.942	0.000	26.124	8.274	9.863	0.000	0.000	8.768	0.000	9.086	6.013	3.326	3.892	1.560	4.903	15.205	1.087	5.634	11.527	0.000	1.216	10.342	2.474	7.677	0.000	0.000	0.000	3.053	7.809	4.245	1.849	0.000	5.023	1.747	27.787	0.000	12.429	8.192	6.969	9.343	0.000	18.306	20.939	0.000	0.000	0	0
0	0	0	0	0	0	0	22.153	6.118	2.188	2.124	4.426	0.000	8.220	3.351	0.579	6.093	0.000	0.000	4.964	4.345	15.423	0.000	1.546	0.000	0.000	0.000	1.830	26.828	0.000	0.000	1.128	9.308	14.265	0.000	11.593	6.313	0.000	0.359	3.076	9.093	13.254	16.547	0.000	0.000	13.432	10.963	7.661	15.435	16.111	10.457	18.084	4.190	8.273	0.000	0.000	0.000	3.548	14.976	4.250	0.454	0.000	0.000	5.889	0.000	6.091	0.000	0.000	20.147	0.000	0.000	0.000	0.000	3.243	0.000	0.000	10.654	0.000	8.203	21.098	9.504	0.000	10.849	2.244	10.990	21.500	9.823	6.343	4.776	8.300	2.182	2.374	14.597	0.000	13.888	4.714	0.000	0.000	2.333	14.621	15.248	0.000	0.000	0.000	10.116	0.000	0.000	0.000	4.541	14.076	0.000	0.000	15.136	0.000	13.456	18.635	1.552	0.000	0.000	1.400	0.000	0.000	0.000	0.000	0.000	11.959	4.753	0.000	0.964	0.000	0.000	0.000	9.229	2.107	10.975	0.000	7.845	1.835	2.302	16.417	0.000	23.474	0.000	9.301	7.327	11.033	0.000	0.000	9.449	0.000	22.554	0.000	9.820	8.502	0.000	0.000	19.145	0.000	0.000	0	0	0
0	0	0	0	0	0	63.223	4.704	2.470	0.000	0.000	10.657	0.000	6.938	0.000	0.000	0.000	11.829	0.000	4.680	5.076	0.000	14.130	25.702	0.000	0.451	0.000	7.371	24.120	2.635	15.509	3.792	11.772	2.265	14.883	0.000	10.683	10.048	6.255	5.450	0.000	0.000	1.563	7.895	14.087	0.000	10.508	6.401	2.314	0.000	2.906	0.000	0.000	0.000	2.103	1.769	19.549	0.000	1.654	3.537	9.586	0.000	10.533	2.509	2.375	0.383	13.083	0.000	13.218	0.000	10.486	0.000	0.000	0.000	0.352	2.024	0.000	7.233	0.000	0.000	14.667	0.000	14.680	11.516	6.029	0.000	0.000	0.000	0.000	3.236	0.000	0.000	0.000	0.000	16.059	0.000	0.000	16.531	0.000	1.066	3.745	25.278	0.000	0.000	1.611	0.000	1.696	6.637	0.000	0.000	0.000	6.631	4.868	0.434	15.375	0.000	5.196	10.537	5.901	2.061	0.000	0.000	1.956	1.825	0.000	0.000	0.000	0.000	0.349	1.895	0.000	0.000	1.798	1.534	8.489	2.241	5.139	3.740	0.000	8.998	9.600	19.949	24.074	14.644	2.017	5.132	0.000	2.622	0.000	0.000	0.000	0.000	0.000	0.000	7.684	14.739	5.483	7.098	8.724	0	0	0
0	0	0	0	0	0	7.542	18.249	0.000	0.000	0.000	4.309	11.398	18.113	0.000	11.274	0.000	4.432	16.594	7.981	0.000	12.173	1.403	0.000	8.849	16.806	1.619	8.545	0.000	4.619	8.551	4.308	6.840	0.000	0.000	2.777	13.487	0.000	2.149	12.178	0.000	0.000	8.808	0.000	2.804	8.189	5.308	0.000	7.424	0.000	0.373	9.136	0.000	6.621	0.000	0.335	0.000	11.460	0.000	12.502	4.019	18.434	4.968	9.095	1.184	0.000	0.000	3.943	0.000	0.000	6.178	0.000	6.269	0.000	5.668	9.723	7.787	0.000	17.332	6.412	12.024	7.702	5.534	0.000	0.000	0.000	0.000	7.563	11.914	0.000	6.014	0.000	0.000	0.000	6.178	21.838	0.000	11.740	0.000	0.000	2.674	0.000	6.812	10.541	0.000	0.000	3.547	0.000	0.000	0.000	0.000	8.325	4.650	17.289	0.000	2.923	19.158	0.000	0.000	11.288	1.944	0.000	0.000	3.324	10.884	0.000	16.803	0.000	0.000	0.000	0.000	7.138	0.000	0.000	0.000	0.000	0.000	0.000	12.555	0.000	0.000	0.000	18.064	0.000	4.502	21.321	8.665	0.000	10.246	19.185	11.375	0.000	0.465	10.598	34.591	0.000	0.000	0.000	2.682	0	0	0
0	0	0	0	0	0	0	0	59.772	15.676	1.612	3.708	8.261	0.000	5.145	0.000	14.721	0.000	7.009	0.000	13.518	14.230	9.706	4.466	0.000	13.145	5.341	7.798	0.000	0.000	21.211	7.594	6.328	1.347	0.000	0.000	0.000	11.920	0.523	1.212	3.305	0.000	1.985	14.785	25.737	2.094	4.463	0.000	0.000	6.801	3.482	1.342	0.000	3.111	7.159	0.000	9.715	0.439	3.564	15.974	3.567	3.503	6.321	0.000	6.077	0.000	0.000	0.000	0.000	0.000	0.385	0.000	2.262	10.546	0.000	0.000	7.507	4.387	0.000	10.123	7.401	1.819	12.832	7.131	0.000	5.918	0.000	3.134	0.000	0.400	8.163	2.368	0.000	23.314	21.802	6.237	0.000	5.365	0.466	0.429	2.721	0.000	0.335	1.465	0.000	2.949	4.073	7.172	0.000	3.396	8.394	4.015	1.537	0.000	7.121	1.992	1.096	17.282	0.000	0.000	15.436	0.000	8.442	9.752	12.692	18.400	11.821	0.000	0.000	0.000	0.000	16.589	11.285	1.491	8.919	0.000	0.000	7.984	6.276	0.000	6.207	0.000	7.845	0.000	3.001	14.679	0.000	1.896	11.463	0.000	12.130	0.000	0.000	0.000	0.000	0.000	0.000	0.000	22.693	0	0	0
0	0	0	0	0	0	0	0	0	15.244	9.797	0.000	8.356	29.901	14.911	0.000	0.000	19.851	1.564	0.000	0.000	0.000	3.948	10.006	14.821	6.201	14.595	26.306	0.000	2.404	32.554	20.976	10.523	34.984	8.592	1.262	4.600	0.000	13.919	18.945	0.000	0.000	6.586	1.964	0.000	0.000	0.000	0.000	5.029	18.142	0.000	0.000	4.442	7.763	3.725	0.000	29.653	5.721	0.000	0.000	0.000	0.000	16.565	1.568	3.049	0.000	0.000	0.000	8.711	20.013	9.911	0.000	3.021	0.000	0.000	3.327	11.554	6.641	16.336	0.000	9.403	11.431	6.399	0.000	14.267	0.000	0.000	4.929	4.930	0.000	0.000	0.000	13.432	0.000	0.000	15.460	5.433	0.000	0.000	3.593	0.000	6.052	0.000	0.000	8.646	0.000	5.324	0.000	0.000	8.645	1.178	0.000	13.059	7.180	0.000	0.000	0.000	0.000	16.150	6.831	0.000	14.833	3.287	16.770	7.494	5.687	0.000	14.699	0.000	0.000	0.000	6.314	14.839	2.192	9.375	0.000	0.000	3.270	2.188	7.189	0.000	18.126	2.185	0.000	0.000	16.258	0.000	0.000	17.799	0.000	8.955	17.615	7.687	2.431	15.941	2.021	28.461	0.000	17.727	0	0	0
0	0	0	0	0	0	0	0	0	0	0.000	11.849	5.312	0.000	0.000	14.295	13.466	7.751	0.000	5.312	23.294	13.526	6.509	0.000	9.582	0.000	0.000	0.000	0.000	17.939	0.000	14.552	17.202	16.785	2.140	8.304	0.000	0.000	0.000	0.000	9.310	0.000	10.537	5.742	13.928	7.272	14.233	0.000	7.346	0.000	0.000	8.847	0.000	1.019	12.257	0.000	14.581	13.638	0.000	0.000	1.626	5.470	7.123	0.000	0.000	0.000	17.764	0.000	0.000	0.000	32.303	16.254	0.000	0.000	15.395	3.729	0.385	0.000	3.587	0.000	2.527	1.646	0.000	3.519	0.000	0.000	14.638	0.000	4.584	0.000	15.399	0.000	3.285	1.997	0.000	0.000	0.000	0.000	10.121	10.871	0.000	8.754	0.000	0.000	5.320	15.600	2.990	5.361	0.000	5.968	0.000	2.952	13.358	10.435	0.000	14.222	3.432	13.163	0.000	10.983	8.222	3.999	0.000	0.000	11.977	10.276	9.280	6.505	0.000	0.000	15.446	0.000	3.067	20.601	0.000	16.204	0.000	0.000	11.445	0.000	10.293	0.000	0.000	10.681	9.137	0.000	0.000	0.000	0.000	0.000	10.878	1.019	0.000	0.000	0.000	0.000	0.000	3.752	33.461	0	0	0
0	0	0	0	0	0	0	0	0	0	25.340	1.808	12.019	10.626	0.000	9.749	7.256	0.000	16.702	0.000	3.695	0.000	7.150	0.000	15.017	17.491	15.147	0.000	1.445	16.122	0.000	0.000	0.000	9.273	5.399	0.000	18.551	0.000	0.000	0.000	4.273	8.979	11.962	11.903	0.000	1.692	0.000	5.392	5.589	5.143	9.459	0.000	6.087	12.554	0.000	0.000	12.910	0.000	0.000	11.998	0.000	7.598	9.801	3.668	12.322	0.374	0.000	9.154	0.000	0.000	0.000	12.686	0.000	0.000	6.135	0.000	1.751	0.000	4.014	8.508	9.922	0.000	1.440	4.028	5.853	0.000	4.437	1.880	7.598	0.000	3.384	10.291	2.031	1.378	3.063	0.000	4.242	0.000	15.171	8.985	0.000	9.896	9.950	1.772	18.926	0.000	12.461	0.000	0.000	5.177	0.000	0.000	0.000	5.939	12.480	7.277	7.768	0.000	0.000	1.766	8.178	8.442	1.712	19.216	13.016	10.599	13.441	18.176	0.485	8.711	11.215	9.820	3.748	15.398	0.000	0.000	0.000	1.113	4.223	0.000	0.000	0.000	1.210	8.682	0.000	10.315	0.000	0.000	0.000	7.242	1.248	0.000	0.000	11.543	0.000	17.513	4.415	0.000	46.662	0	0	0
0	0	0	0	0	0	0	0	0	0	0	14.119	31.454	5.741	26.103	22.267	30.764	5.253	0.508	0.000	6.761	0.000	1.500	1.882	8.473	1.289	23.758	0.000	0.000	0.000	6.961	3.325	0.000	0.000	0.414	4.670	0.000	0.000	32.895	0.000	0.000	0.000	0.000	0.000	0.000	0.308	1.059	0.000	6.154	0.000	0.367	0.000	5.227	0.000	1.931	5.468	0.000	0.000	0.000	0.000	0.000	3.102	7.238	13.489	0.366	11.435	6.102	0.000	8.863	5.857	13.469	0.000	0.387	6.743	0.000	0.000	0.000	0.000	23.097	0.000	8.991	0.000	0.000	0.000	0.000	0.000	0.000	10.379	0.000	0.000	3.316	1.126	7.899	0.000	0.439	0.000	2.953	0.000	5.007	13.475	9.136	16.219	0.000	9.885	6.072	5.313	10.791	5.173	0.360	6.393	0.000	6.174	0.385	0.000	0.000	16.613	0.000	13.106	5.312	0.000	0.346	7.436	0.000	2.721	0.000	0.000	3.105	0.000	0.000	4.492	0.000	5.804	0.000	4.070	0.000	15.792	2.349	0.000	0.000	14.586	4.451	0.000	0.000	12.113	11.268	14.662	19.423	10.776	0.000	0.000	33.310	10.215	10.966	13.718	17.453	8.737	0.000	11.587	0	0	0	0
0	0	0	0	0	0	0	0	0	0	0	0.000	0.000	4.865	4.405	0.578	16.622	5.408	0.000	19.802	0.000	16.928	4.361	3.154	0.000	0.000	11.647	0.000	8.641	0.000	2.191	0.000	20.445	27.222	8.554	1.312	16.011	7.850	0.379	0.000	6.661	0.000	16.876	0.000	1.195	11.949	4.331	0.000	2.338	14.475	5.851	0.000	6.420	1.936	8.342	8.376	6.541	1.042	0.354	0.000	31.205	11.241	0.000	0.000	16.638	1.480	16.148	0.000	0.000	0.000	0.000	12.363	1.559	7.219	0.000	7.324	2.741	8.472	11.874	18.299	0.000	0.000	6.748	0.000	7.908	2.959	1.248	9.378	0.000	13.817	0.000	0.000	6.287	0.000	15.227	0.000	0.000	8.545	3.349	9.368	0.000	0.000	18.489	16.123	7.907	0.000	0.000	0.000	0.000	0.000	6.701	4.318	0.000	10.425	0.000	0.000	8.826	10.834	3.146	0.000	1.787	3.498	0.000	12.181	12.864	0.000	0.000	9.376	0.000	0.000	13.875	25.717	4.871	22.837	10.301	1.373	5.036	15.191	15.370	0.000	8.353	1.367	3.674	0.000	0.000	0.000	15.968	9.100	22.083	0.000	1.896	7.753	4.282	11.369	21.940	0.000	0.000	0.000	0	0	0	0
0	0	0	0	0	0	0	0	0	0	0	0.000	10.655	29.898	0.000	0.611	0.000	2.800	9.338	0.000	12.043	0.000	0.000	24.676	0.000	15.668	1.923	14.289	4.121	20.421	15.662	11.211	67.302	13.148	2.427	0.000	0.000	0.000	15.645	0.000	45.094	0.000	0.636	31.609	12.503	0.000	3.511	11.890	5.679	0.000	0.000	6.335	3.272	9.536	8.038	10.769	0.000	11.406	0.000	10.443	0.000	13.594	19.330	0.000	13.200	0.000	23.810	6.036	0.000	0.000	0.000	6.398	12.493	0.000	17.644	20.868	0.000	0.000	0.000	0.000	2.046	0.000	0.432	6.210	14.234	0.000	0.540	2.853	22.788	19.131	0.000	0.000	0.000	0.000	0.000	0.000	6.840	1.724	4.739	2.329	6.085	3.921	7.608	0.000	0.000	24.859	0.000	18.757	0.000	11.989	0.408	0.000	3.533	0.000	1.977	7.723	7.136	3.409	13.061	0.000	0.000	0.421	3.348	10.374	0.000	16.725	10.545	7.820	0.000	5.566	16.684	0.492	10.397	9.947	0.000	4.632	0.000	0.000	4.704	0.000	11.743	15.256	0.000	0.000	18.975	5.152	0.000	8.339	0.439	10.326	0.000	20.000	1.819	0.000	0.000	0.000	0.000	9.901	0	0	0	0
0	0	0	0	0	0	0	0	0	0	0	54.855	7.683	0.000	9.191	0.000	17.440	0.000	0.000	1.875	9.278	0.000	8.548	0.000	1.653	0.000	0.000	9.456	0.000	21.627	22.552	1.654	0.000	8.030	0.000	6.558	0.000	0.000	35.943	0.000	0.000	12.104	0.000	9.557	7.002	1.746	0.378	18.911	9.197	0.000	6.065	8.595	13.083	33.494	0.000	16.287	6.490	13.821	0.000	15.590	3.551	10.298	6.234	19.730	15.837	9.766	9.090	8.599	22.061	0.000	18.233	15.012	0.000	0.000	5.741	1.475	0.000	0.000	11.419	1.442	4.875	2.748	0.000	0.000	14.039	4.144	5.240	0.000	10.425	11.093	6.309	5.817	8.484	6.433	1.504	2.307	13.760	0.000	13.160	2.414	0.000	6.866	7.523	9.851	18.546	4.245	0.000	6.757	23.327	2.981	0.367	20.005	8.084	24.928	1.721	0.000	0.000	13.824	0.000	0.000	0.000	10.661	28.301	15.024	0.000	0.000	0.000	9.036	13.991	0.000	21.894	10.726	0.000	7.060	0.000	16.429	0.000	22.428	10.888	2.478	8.755	8.704	18.748	0.000	9.733	8.545	20.636	0.000	0.000	22.645	0.000	3.965	17.325	14.198	0.000	4.228	0.952	26.098	0	0	0	0
0	0	0	0	0	0	0	0	0	0	0	0	0.000	0.000	0.000	5.536	6.890	5.558	0.000	0.000	5.760	0.000	5.741	0.000	13.155	2.187	1.540	14.258	8.549	27.508	18.336	0.000	9.122	10.788	1.135	3.840	0.000	10.176	5.829	17.670	15.339	3.999	0.000	0.000	2.136	0.000	1.804	0.000	9.750	0.000	4.373	20.759	18.723	0.000	8.933	4.919	1.921	0.000	0.000	0.000	9.723	4.965	4.751	13.742	18.022	6.891	0.000	1.397	12.036	0.456	8.662	0.000	27.518	10.218	0.000	0.000	8.241	0.000	1.106	4.939	5.561	7.337	6.700	3.577	8.922	8.208	8.091	0.000	4.188	6.221	3.590	12.186	7.693	0.000	5.488	21.536	20.230	0.000	3.775	2.121	0.000	3.997	8.162	0.000	4.007	10.589	4.366	12.476	0.000	10.128	0.000	19.793	10.000	0.000	0.000	0.000	0.000	6.817	6.651	6.984	1.564	4.234	0.000	0.000	0.000	0.000	0.000	20.008	0.000	5.724	0.554	0.000	15.237	2.180	0.000	0.000	3.644	11.304	14.749	2.614	1.895	0.000	2.234	2.529	4.691	0.000	0.000	0.000	0.000	0.000	8.113	0.000	0.000	0.000	0.000	2.049	8.830	0	0	0	0	0
0	0	0	0	0	0	0	0	0	0	0	0	10.122	5.855	23.297	5.125	0.000	0.000	0.000	6.000	8.256	0.518	15.169	0.000	3.978	1.761	1.708	4.640	3.509	15.616	0.000	9.882	18.979	3.074	20.508	0.000	3.348	0.000	0.000	17.706	6.978	19.538	26.615	4.870	2.832	18.217	1.887	0.000	8.298	4.385	7.498	0.977	3.942	9.208	0.000	10.452	2.289	1.681	0.000	13.083	5.837	12.792	0.000	16.934	13.973	24.874	0.000	0.000	0.000	0.000	6.874	0.000	6.794	11.171	0.000	15.341	1.673	5.005	0.000	1.022	15.816	1.310	0.000	6.269	7.673	5.773	2.866	7.512	0.000	0.000	24.056	0.000	0.392	7.303	5.746	0.419	3.228	1.789	15.640	0.401	0.000	6.513	9.439	0.000	2.120	9.124	0.000	0.000	2.543	0.387	0.000	13.360	0.000	0.000	0.000	10.563	0.000	7.907	0.000	0.000	1.503	0.000	0.000	9.944	6.083	0.000	9.158	14.584	15.698	32.182	0.000	10.935	0.000	0.000	9.013	15.452	9.038	5.602	23.522	0.000	2.132	2.571	0.000	0.511	7.502	0.000	0.000	0.000	0.000	0.000	7.572	0.000	10.123	0.000	29.691	0.000	22.600	0	0	0	0	0
0	0	0	0	0	0	0	0	0	0	0	0	19.915	20.380	0.000	0.000	0.000	0.000	32.782	5.119	0.000	0.596	7.909	10.955	4.483	4.194	8.035	0.000	0.000	0.000	0.000	0.000	15.584	1.807	0.000	4.975	1.753	9.256	0.000	0.000	5.067	24.850	0.000	18.918	7.027	0.000	11.127	10.347	0.000	17.636	0.992	0.000	0.000	7.477	0.000	3.468	0.000	0.000	20.961	0.000	3.610	5.422	0.000	0.000	3.325	0.469	17.291	0.000	0.000	27.440	0.000	6.517	0.000	19.979	2.440	0.000	0.000	10.473	0.000	3.502	6.976	5.093	1.405	5.263	5.009	5.684	0.000	5.708	0.000	0.000	13.596	4.798	5.865	6.468	7.253	7.577	0.473	0.000	0.000	21.569	0.000	1.629	11.543	0.000	3.305	16.497	6.056	5.551	0.000	0.000	0.000	0.000	0.000	6.501	0.000	3.353	9.099	0.000	0.000	0.000	0.000	3.461	0.000	5.270	0.416	0.000	10.213	0.000	4.954	0.000	2.896	8.398	15.149	5.196	0.000	0.000	8.235	0.000	23.109	7.360	0.000	0.000	6.355	0.000	8.110	29.522	5.340	0.000	0.000	0.000	3.001	18.973	0.470	0.000	6.030	0.000	20.712	0	0	0	0	0
0	0	0	0	0	0	0	0	0	0	0	0	0.000	0.000	0.000	13.993	8.725	17.887	5.543	14.845	10.812	0.000	9.897	0.000	0.000	19.975	0.000	0.000	0.000	24.615	5.567	15.717	14.278	0.000	2.055	9.490	2.081	0.000	9.265	0.000	10.298	0.000	12.460	12.517	9.430	0.000	0.000	0.000	9.506	0.000	0.000	18.244	10.867	0.000	0.000	0.000	4.215	6.174	12.985	17.340	10.972	6.589	1.582	0.000	0.000	0.000	7.498	0.000	0.000	2.099	0.000	1.295	23.272	0.000	2.054	0.000	1.453	0.000	1.917	8.829	0.000	0.000	0.000	16.252	22.796	19.472	0.000	0.000	6.327	8.767	4.819	0.000	3.643	10.002	0.000	6.788	0.000	0.000	4.713	1.603	0.000	3.804	0.000	0.000	6.377	15.750	1.792	0.000	0.000	3.912	14.121	0.000	13.372	0.000	15.810	18.150	0.000	3.749	0.000	1.386	7.963	0.000	10.096	0.000	0.000	16.723	22.702	0.000	3.045	10.296	10.155	2.320	8.644	0.000	0.000	4.690	18.774	9.299	11.413	5.422	0.000	0.000	3.007	0.000	2.256	3.023	2.344	0.000	0.000	11.747	0.000	13.047	0.000	6.327	0.000	0.000	0	0	0	0	0	0
0	0	0	0	0	0	0	0	0	0	0	0	0	12.670	0.000	0.000	17.621	0.000	7.827	17.930	0.000	0.000	0.000	0.000	2.511	0.593	0.000	2.267	16.658	3.653	0.000	2.635	12.738	10.262	0.000	19.143	11.445	0.000	0.000	0.000	0.000	0.000	0.000	0.000	7.744	0.000	21.477	6.542	0.000	5.888	0.000	0.000	4.297	1.865	0.360	0.000	0.360	0.000	10.344	13.672	14.162	3.988	16.171	11.203	0.000	11.885	0.000	9.167	0.000	3.890	0.000	12.143	4.588	20.851	3.039	17.632	5.900	0.000	14.387	0.000	0.000	9.475	0.000	3.786	26.253	0.000	1.379	3.900	0.000	0.000	0.000	1.253	1.256	8.816	0.000	13.215	0.000	0.000	0.000	0.000	0.000	3.323	0.000	0.000	2.855	0.000	0.000	0.000	2.206	13.596	0.364	0.000	0.000	0.000	0.000	0.000	6.556	0.000	9.049	0.000	8.198	23.404	13.673	26.318	14.592	0.000	7.424	0.000	0.000	0.000	12.987	2.943	6.276	0.000	0.000	5.036	7.046	19.642	6.144	1.391	19.900	1.527	0.000	0.000	0.000	10.488	0.000	0.000	0.000	15.123	15.163	0.000	0.000	0.000	7.463	3.392	0	0	0	0	0	0
0	0	0	0	0	0	0	0	0	0	0	0	0	0.000	0.000	0.000	0.000	4.728	6.998	34.904	2.476	31.065	6.066	13.085	28.981	0.000	15.327	0.000	2.295	4.766	0.000	0.000	4.062	0.000	0.000	5.703	2.046	0.000	13.843	0.000	0.000	0.528	5.558	0.000	2.651	0.000	2.357	0.000	2.792	9.733	0.000	20.049	0.000	7.763	0.000	10.159	0.000	0.000	0.000	20.966	0.000	0.000	0.000	0.000	0.000	4.778	7.898	0.367	0.000	4.617	1.211	5.221	0.000	9.159	0.470	7.061	20.507	0.000	3.252	2.366	0.000	0.000	2.091	4.062	7.338	2.398	0.000	0.000	0.000	10.194	0.000	0.000	13.671	0.000	8.159	0.000	7.635	6.952	0.000	0.000	0.000	0.000	0.000	0.000	14.858	0.000	0.000	1.182	9.985	0.000	7.155	13.631	9.552	0.000	0.000	10.078	5.740	3.428	0.000	3.629	0.000	2.764	0.000	0.000	0.000	0.000	0.000	0.000	0.000	2.764	1.632	1.988	0.000	0.000	0.000	0.000	0.000	1.375	0.000	19.857	0.000	10.299	17.465	0.000	0.000	19.703	3.126	38.139	7.117	0.000	0.000	1.712	20.409	0.000	3.458	0	0	0	0	0	0	0
0	0	0	0	0	0	0	0	0	0	0	0	0	10.285	36.080	2.102	14.318	4.621	0.000	1.870	11.843	9.887	0.000	0.000	0.000	0.000	6.065	5.465	5.096	2.144	15.457	3.947	8.158	7.195	1.350	0.000	0.000	14.137	9.173	19.988	13.683	0.000	0.000	14.825	6.608	3.823	0.000	10.710	2.481	9.985	0.000	21.038	0.000	0.000	4.720	0.000	3.632	10.135	13.066	18.450	9.512	7.086	0.000	4.587	0.000	16.934	8.611	0.000	13.478	0.000	6.565	0.000	0.000	3.941	0.000	1.436	4.395	9.791	0.000	10.953	1.852	10.671	0.000	0.000	21.681	14.092	25.918	0.000	6.547	14.494	0.000	1.914	2.840	0.000	0.000	7.625	1.384	0.000	1.426	8.461	14.090	0.000	0.000	0.000	6.243	0.000	0.000	3.609	0.000	7.756	3.202	8.709	10.619	13.962	17.866	0.000	2.413	9.448	17.056	3.841	4.853	0.000	20.008	0.000	16.296	4.675	6.108	22.590	27.284	18.181	0.000	11.290	10.489	9.863	10.545	0.000	8.706	0.000	0.000	5.519	9.103	6.233	2.855	7.919	0.000	14.162	0.000	0.000	15.078	0.000	0.000	0.000	1.182	2.791	51.496	0	0	0	0	0	0	0
0	0	0	0	0	0	0	0	0	0	0	0	0	0	0.000	2.518	0.000	0.000	8.440	19.176	2.590	32.494	0.000	0.000	5.338	16.858	0.000	0.000	0.000	0.000	4.337	21.365	11.929	7.941	17.446	4.683	10.915	24.629	8.658	9.463	15.415	21.609	0.000	0.000	27.931	10.991	7.956	10.996	0.000	7.471	0.000	14.071	0.000	0.000	2.153	9.907	0.000	8.991	4.710	0.000	7.434	0.000	11.577	3.215	9.559	0.000	5.334	13.108	3.036	1.351	1.555	0.000	12.066	13.986	2.419	0.000	0.000	9.168	5.097	0.000	0.000	11.069	0.000	18.740	28.474	10.625	2.660	0.000	7.962	15.707	0.000	0.000	22.819	4.144	9.640	0.000	7.335	0.000	7.335	7.385	0.000	28.272	0.000	11.257	0.000	22.095	0.000	0.000	0.000	3.092	0.000	13.231	19.833	0.000	0.000	5.671	18.759	7.231	15.566	0.000	0.000	0.359	0.000	0.000	4.129	4.254	20.762	0.000	0.000	0.000	4.555	0.449	4.600	0.433	0.000	7.770	5.433	4.260	12.049	0.000	2.379	0.000	8.465	0.000	6.643	4.045	20.699	0.000	15.086	6.653	0.000	12.839	0.000	20.960	0	0	0	0	0	0	0	0
0	0	0	0	0	0	0	0	0	0	0	0	0	0	0	0.000	0.000	0.000	12.554	2.740	0.000	11.556	4.652	0.000	9.000	0.000	6.987	0.000	0.000	0.000	2.524	26.762	10.045	27.863	0.000	0.521	15.035	5.760	2.393	0.000	0.000	21.385	0.000	0.000	12.417	14.280	9.389	0.000	0.000	6.042	3.034	3.885	22.330	16.207	11.154	9.636	0.000	0.000	0.000	0.000	0.000	1.495	0.000	9.197	11.383	6.898	0.000	0.000	4.007	0.000	0.000	0.000	0.000	0.000	0.000	0.000	0.000	4.009	5.888	0.000	8.130	5.558	0.000	11.899	0.000	12.710	5.038	0.000	0.000	13.169	1.229	22.087	1.265	10.472	23.163	2.371	25.151	0.000	7.541	0.440	2.291	15.259	2.480	5.691	0.000	6.537	0.000	0.000	16.279	18.912	0.000	2.221	0.443	11.051	0.000	4.984	0.000	0.000	14.483	0.000	12.021	0.000	0.000	0.000	10.126	0.000	0.000	0.000	5.863	5.578	1.313	0.000	0.000	2.633	0.000	8.396	0.000	6.580	5.452	9.183	0.000	0.000	0.000	14.368	12.666	9.872	2.698	6.589	6.158	0.000	0.000	0.000	1.357	0	0	0	0	0	0	0	0	0
0	0	0	0	0	0	0	0	0	0	0	0	0	0	0	0.000	6.751	0.000	3.223	41.439	4.935	0.000	1.574	28.311	0.000	17.206	7.725	2.573	0.000	2.072	0.000	2.965	5.089	0.000	15.794	14.250	0.000	2.641	11.040	41.524	0.419	7.984	20.401	0.000	13.120	0.000	0.000	6.010	9.223	10.703	0.000	4.728	17.182	11.572	7.709	0.000	4.289	4.794	0.000	4.694	3.353	0.000	0.000	16.415	11.090	9.636	15.757	15.075	2.828	10.245	9.722	0.000	0.000	0.000	4.385	0.000	0.000	0.499	1.990	23.205	0.000	0.000	1.533	0.000	10.329	16.042	7.209	1.419	9.367	0.432	0.000	13.722	1.170	6.322	1.852	3.932	0.000	0.000	4.037	7.977	0.000	11.782	6.295	5.955	0.000	0.000	0.000	4.465	0.000	9.694	0.000	16.329	8.148	0.000	0.000	9.701	0.000	2.017	1.903	0.000	5.934	10.801	9.427	7.755	0.463	10.306	4.115	1.320	0.000	0.000	1.476	0.000	10.954	0.000	0.000	21.777	0.000	0.000	0.483	13.938	18.499	0.000	3.179	20.461	2.847	19.878	26.192	15.976	17.786	5.200	0.000	1.165	52.031	0	0	0	0	0	0	0	0	0
0	0	0	0	0	0	0	0	0	0	0	0	0	0	0	0	0.642	11.445	0.000	0.000	0.000	8.241	10.342	22.242	11.869	0.000	2.001	28.131	4.875	0.000	0.000	1.939	0.000	0.000	10.741	5.278	14.888	7.924	7.481	7.526	0.000	15.900	0.000	25.444	11.168	5.881	0.368	10.311	1.401	0.484	0.000	4.744	2.989	5.935	0.000	4.114	1.122	1.496	15.294	0.000	0.000	1.420	0.000	12.239	15.497	0.000	0.000	11.198	4.709	10.972	14.170	0.380	4.526	0.000	0.000	4.094	0.000	5.044	0.000	6.449	11.081	17.586	0.000	7.797	0.000	37.422	0.000	0.000	2.784	17.889	0.000	9.123	11.358	0.000	7.313	13.832	15.271	0.000	0.000	20.969	0.471	9.448	0.000	10.707	2.452	17.648	0.000	0.000	6.277	7.052	6.918	0.000	27.489	5.463	6.204	0.000	0.000	0.000	13.321	10.729	12.203	3.222	0.000	0.000	0.000	0.000	0.000	0.000	0.000	0.000	12.737	9.981	0.000	9.816	0.000	19.119	0.000	4.208	9.999	5.499	11.017	17.611	0.000	9.288	0.000	0.000	0.000	0.000	4.673	0.000	0.265	4.471	0	0	0	0	0	0	0	0	0	0
0	0	0	0	0	0	0	0	0	0	0	0	0	0	0	0	57.048	6.698	0.000	33.530	0.000	6.776	1.384	37.576	7.697	9.286	11.386	0.000	0.000	0.000	4.335	1.947	0.000	0.000	14.980	13.760	7.063	24.384	0.000	0.000	0.000	13.259	0.000	12.616	5.840	0.000	0.000	11.463	0.000	0.000	13.794	0.000	0.000	14.192	0.541	4.320	2.482	12.136	3.899	13.814	0.000	0.000	13.212	0.000	0.000	6.830	2.884	2.288	3.088	7.170	8.677	19.143	0.000	0.000	0.000	14.848	0.000	0.000	0.000	10.612	4.384	13.534	0.000	5.706	0.000	7.790	11.125	0.000	0.000	20.624	2.040	6.737	20.369	0.363	0.000	0.000	0.000	0.000	2.529	6.044	0.000	12.748	17.929	6.426	6.454	1.846	0.000	6.410	0.000	15.183	1.420	0.000	20.043	2.161	0.000	2.705	0.000	2.050	11.262	1.924	11.252	0.000	4.444	0.000	0.000	9.912	0.000	3.595	11.277	0.000	18.390	0.000	0.000	0.417	1.246	0.000	6.805	18.325	0.000	0.000	12.204	0.000	7.799	4.813	14.850	1.681	8.341	13.648	0.000	7.732	0.000	0	0	0	0	0	0	0	0	0	0	0
0	0	0	0	0	0	0	0	0	0	0	0	0	0	0	0	0	0.000	0.000	0.000	7.874	0.000	0.537	0.000	10.482	25.844	13.829	0.000	0.000	3.506	1.989	11.465	9.104	3.848	10.091	7.146	9.837	9.238	10.503	0.000	0.000	1.550	5.926	0.000	0.000	0.000	8.370	0.000	0.000	4.600	15.700	0.000	20.957	18.608	0.000	22.508	7.468	0.000	0.000	8.516	23.323	0.000	23.718	7.007	13.274	15.640	0.000	0.000	3.859	0.000	0.000	9.404	0.000	3.868	3.478	9.569	17.334	1.912	2.784	1.637	0.000	3.376	7.083	8.777	1.869	0.000	0.000	13.196	12.337	20.217	8.663	0.000	0.000	4.773	8.337	0.000	9.757	17.055	5.857	0.000	0.000	0.000	0.000	0.409	0.000	20.583	10.435	0.000	0.000	10.762	2.533	6.738	25.347	18.970	0.000	0.000	0.000	19.075	2.573	5.399	2.071	12.870	0.469	0.000	16.558	14.105	0.000	0.000	8.378	1.323	0.000	0.000	6.627	8.335	2.485	0.000	0.000	5.499	12.275	0.000	12.153	0.000	0.000	7.652	0.000	0.000	0.000	4.026	0.944	0.000	0	0	0	0	0	0	0	0	0	0	0	0
0	0	0	0	0	0	0	0	0	0	0	0	0	0	0	0	0	0	3.454	8.018	0.000	12.575	14.751	0.000	10.103	31.765	0.000	10.784	0.000	3.718	0.000	3.830	5.612	6.758	2.527	0.000	5.324	2.777	0.000	5.048	22.248	8.224	6.932	10.406	0.000	0.000	2.745	0.000	12.181	8.023	24.862	11.230	0.000	15.465	0.000	0.000	0.000	0.000	15.494	0.000	2.533	0.000	0.000	5.894	8.202	0.000	10.371	2.038	20.038	11.691	0.000	6.196	0.000	10.220	1.487	10.177	3.533	8.158	2.396	6.972	0.000	0.000	0.000	13.491	15.525	2.863	0.000	14.007	11.481	8.699	0.371	4.243	0.000	22.179	0.000	0.000	23.642	0.000	0.000	10.305	1.961	0.000	0.000	13.699	0.000	3.629	15.307	7.679	12.087	0.000	10.899	7.304	1.915	0.000	0.000	0.000	1.264	0.000	6.100	5.892	0.000	4.676	0.000	0.000	1.204	0.000	19.349	0.000	0.000	13.342	0.467	11.996	0.000	0.000	1.601	5.583	4.825	1.202	5.872	5.371	1.613	1.083	14.051	17.513	6.054	7.786	0.000	8.703	0	0	0	0	0	0	0	0	0	0	0	0	0	0
0	0	0	0	0	0	0	0	0	0	0	0	0	0	0	0	0	0	0	24.714	17.582	0.000	19.816	0.000	3.155	0.541	2.312	0.000	7.929	19.326	0.000	0.000	0.000	10.791	25.477	0.000	17.467	4.766	6.343	0.490	3.822	0.000	28.000	0.000	0.324	11.838	3.913	20.087	0.000	7.550	15.861	34.012	0.000	0.000	21.565	10.121	8.990	4.912	0.000	17.176	0.000	0.000	13.909	0.000	8.491	13.420	13.945	3.151	0.000	0.000	19.364	0.000	10.975	11.813	9.640	0.000	19.237	0.000	0.000	27.698	0.000	0.000	0.000	24.897	6.611	4.222	7.262	0.000	0.000	4.865	7.565	0.000	0.000	2.511	3.554	0.000	13.652	0.000	3.959	31.212	0.000	8.700	6.553	1.177	0.000	0.000	3.138	0.000	6.711	4.852	0.000	8.842	7.280	35.778	6.040	6.778	17.495	6.950	0.000	10.325	3.613	1.774	0.000	21.224	7.676	0.000	14.289	26.435	0.000	0.000	0.000	2.055	9.806	9.419	12.448	0.000	15.896	15.872	17.051	0.000	12.251	11.151	10.179	0.000	0.000	0.000	0	0	0	0	0	0	0	0	0	0	0	0	0	0	0	0
0	0	0	0	0	0	0	0	0	0	0	0	0	0	0	0	0	0	0	0	12.785	14.258	20.083	5.643	1.615	8.973	2.994	8.274	0.000	22.203	0.000	0.000	0.386	6.247	0.000	19.793	20.184	0.000	14.995	11.334	12.203	16.340	0.000	11.489	0.000	4.613	0.000	0.000	10.769	1.877	0.000	7.182	0.000	0.000	0.000	10.957	0.000	20.806	0.000	15.270	7.424	0.340	0.000	2.286	0.000	0.000	5.812	0.000	0.000	4.710	0.000	0.555	10.419	4.450	0.000	10.239	8.055	2.005	0.000	20.212	0.000	0.000	0.000	14.542	0.000	0.000	4.911	4.893	8.377	0.000	1.606	5.625	0.000	9.223	16.848	1.246	0.000	0.000	0.000	0.000	5.199	2.190	12.568	0.000	0.000	13.868	7.741	1.454	0.930	4.663	1.360	22.685	0.000	1.417	0.000	0.000	11.535	25.224	19.580	0.000	0.000	8.575	14.859	11.471	11.080	4.844	0.430	9.089	5.154	0.000	1.283	2.560	1.559	5.766	3.410	0.439	4.809	1.430	0.000	0.000	3.477	0.000	0.000	0.000	0	0	0	0	0	0	0	0	0	0	0	0	0	0	0	0	0	0
0	0	0	0	0	0	0	0	0	0	0	0	0	0	0	0	0	0	0	0	0	32.563	0.000	16.606	15.086	0.000	0.000	0.000	7.862	0.447	5.246	30.687	5.831	14.573	5.068	9.313	2.732	10.622	0.000	1.605	0.000	1.500	8.254	3.912	7.625	0.000	0.000	15.475	14.180	20.906	4.923	13.298	8.689	15.398	24.109	15.030	2.114	0.000	21.881	11.473	1.783	14.425	9.029	1.597	13.646	6.156	0.000	0.000	10.958	0.000	5.369	8.442	10.291	10.758	0.000	1.960	8.561	3.936	12.706	9.213	6.559	21.048	0.000	0.000	0.000	0.000	0.000	0.000	0.000	0.000	8.908	0.000	4.199	1.822	0.000	14.981	0.000	8.377	0.000	5.484	0.000	6.781	0.000	12.910	5.018	0.000	4.768	0.000	9.834	16.138	23.310	0.000	0.000	17.069	16.526	24.508	0.000	0.000	7.928	5.096	6.235	0.000	10.973	34.553	0.000	2.119	0.000	11.325	3.497	0.000	0.000	0.000	10.905	0.000	5.271	4.430	6.119	9.313	6.250	8.282	0.000	0	0	0	0	0	0	0	0	0	0	0	0	0	0	0	0	0	0	0	0	0
0	0	0	0	0	0	0	0	0	0	0	0	0	0	0	0	0	0	0	0	0	0	0.000	35.268	23.243	0.000	0.000	4.009	6.635	0.000	9.441	3.142	13.926	0.000	7.155	0.000	16.022	4.714	0.000	0.000	0.000	13.634	7.630	0.000	13.407	10.195	0.487	11.295	0.000	34.924	2.901	0.000	0.000	0.430	2.925	0.000	0.000	6.642	0.000	0.000	0.000	0.000	11.935	5.665	13.204	0.000	0.000	9.780	0.000	6.645	0.000	20.751	2.993	0.000	0.000	0.000	0.000	0.000	1.731	12.841	3.756	0.000	0.000	8.927	0.000	0.000	7.099	8.742	4.192	0.000	2.302	16.982	2.096	13.497	7.748	14.642	3.277	0.000	3.842	0.000	2.374	4.673	0.000	4.677	4.554	10.895	6.150	9.013	0.000	1.912	0.000	0.000	10.087	1.916	0.000	23.180	14.131	12.645	8.209	0.000	0.000	8.614	0.000	4.003	7.396	9.454	0.000	8.789	0.000	9.587	0.000	7.317	2.241	8.210	0.000	5.289	6.789	0.000	0.000	0	0	0	0	0	0	0	0	0	0	0	0	0	0	0	0	0	0	0	0	0	0	0
0	0	0	0	0	0	0	0	0	0	0	0	0	0	0	0	0	0	0	0	0	0	0	0	136.041	2.821	7.518	16.408	15.892	0.000	26.391	8.317	14.347	0.000	11.598	0.000	9.696	4.119	0.000	10.055	0.000	11.930	10.155	0.000	0.000	6.173	7.568	0.000	0.000	8.703	19.660	0.000	17.861	2.576	17.276	8.236	3.893	5.120	0.000	0.000	13.428	13.845	0.871	11.190	0.000	0.000	4.626	6.128	1.634	0.000	2.201	0.000	12.616	0.000	2.594	0.000	0.000	23.346	6.196	2.216	0.000	18.262	0.000	6.721	0.000	3.916	6.305	6.489	0.000	0.000	10.293	14.457	4.130	9.371	0.000	8.664	0.000	0.000	4.312	0.000	0.000	8.916	14.884	0.000	0.000	0.000	8.950	4.472	0.000	32.769	0.000	2.336	0.000	9.020	2.061	11.163	0.000	0.000	0.000	0.000	0.248	0.000	11.374	12.150	2.320	15.179	0.000	0.000	8.135	8.251	0.000	9.835	0.000	0.890	12.200	4.163	0.000	0.000	0	0	0	0	0	0	0	0	0	0	0	0	0	0	0	0	0	0	0	0	0	0	0	0
0	0	0	0	0	0	0	0	0	0	0	0	0	0	0	0	0	0	0	0	0	0	0	0	0	9.370	0.000	0.000	11.356	6.847	0.000	9.263	13.171	6.178	1.837	15.969	0.000	5.876	2.614	14.557	10.766	0.000	0.000	0.000	6.605	7.549	0.000	4.122	11.923	0.000	0.434	0.000	8.641	7.223	6.060	9.070	11.764	13.100	0.000	9.882	10.839	21.141	2.131	1.323	10.317	0.000	7.642	0.920	0.000	0.000	0.000	14.718	0.000	5.772	0.000	3.862	28.111	9.292	2.999	43.396	0.000	6.399	0.480	4.854	17.894	6.541	2.033	15.240	1.574	9.658	6.727	12.572	14.710	11.941	0.000	3.349	6.127	0.000	0.000	14.046	0.000	0.000	12.954	0.000	13.912	0.000	0.000	5.876	3.376	0.000	0.000	12.919	0.000	0.000	2.847	6.874	8.189	7.244	0.000	0.000	3.580	0.000	13.097	11.120	1.337	0.000	13.597	14.782	0.000	6.718	44.843	0.000	0	0	0	0	0	0	0	0	0	0	0	0	0	0	0	0	0	0	0	0	0	0	0	0	0	0	0	0	0	0
0	0	0	0	0	0	0	0	0	0	0	0	0	0	0	0	0	0	0	0	0	0	0	0	0	0	0	0.000	27.742	0.000	0.000	15.736	0.000	2.943	17.786	4.259	0.000	10.308	2.032	0.000	0.000	0.000	12.869	2.932	5.313	0.000	5.128	0.000	0.000	0.000	10.405	19.441	15.826	0.000	0.000	9.173	0.000	0.000	10.089	0.000	0.000	0.000	10.399	6.289	12.593	7.239	0.000	0.000	4.647	6.293	0.000	6.651	5.097	4.901	3.009	8.751	7.502	9.697	11.985	4.129	14.369	0.000	3.540	1.378	2.359	11.354	7.374	8.575	0.000	5.189	2.369	10.454	4.969	0.000	14.159	0.000	0.000	10.409	0.000	0.000	0.000	0.748	14.026	3.145	0.000	8.441	9.611	2.916	1.606	8.803	2.419	0.000	0.000	0.000	0.000	7.738	6.283	0.000	0.000	1.763	0.000	0.000	0	0	0	0	0	0	0	0	0	0	0	0	0	0	0	0	0	0	0	0	0	0	0	0	0	0	0	0	0	0	0	0	0	0	0	0	0	0	0	0
0	0	0	0	0	0	0	0	0	0	0	0	0	0	0	0	0	0	0	0	0	0	0	0	0	0	0	0	115.065	0.000	0.000	11.208	0.000	5.939	0.000	0.000	0.000	0.337	1.108	0.344	0.933	4.726	13.425	0.000	0.000	1.585	1.573	0.000	4.915	0.000	27.305	0.000	0.000	5.231	0.000	4.957	0.000	0.000	18.703	0.000	15.292	7.059	16.097	9.261	0.969	16.560	7.634	0.000	6.016	0.000	1.265	2.810	8.071	1.195	0.000	0.000	2.706	5.980	6.967	3.748	7.467	11.184	16.207	9.526	12.868	5.140	16.974	7.862	6.025	0.000	3.690	4.623	5.006	0.000	13.673	12.621	7.439	6.043	0.000	8.703	9.151	0.000	8.091	0.000	9.626	2.211	0.000	7.996	0.000	0.000	22.558	1.076	10.831	0	0	0	0	0	0	0	0	0	0	0	0	0	0	0	0	0	0	0	0	0	0	0	0	0	0	0	0	0	0	0	0	0	0	0	0	0	0	0	0	0	0	0	0	0	0	0	0	0
0	0	0	0	0	0	0	0	0	0	0	0	0	0	0	0	0	0	0	0	0	0	0	0	0	0	0	0	0	0.000	0.000	5.999	14.945	4.895	3.627	9.606	0.000	3.743	9.187	9.643	2.854	0.000	0.196	12.884	6.906	2.630	3.633	9.341	0.000	9.774	18.013	0.000	0.000	0.000	5.923	4.731	6.950	18.919	0.000	0.000	22.245	17.035	12.885	8.916	0.000	18.075	13.562	6.182	4.418	0.000	0.000	3.772	0.000	0.000	0.000	10.485	0.000	14.267	0.000	0.000	4.078	0.000	0.000	7.097	5.726	4.995	7.412	7.249	8.150	2.708	0.686	9.253	5.608	0.000	4.579	7.892	2.027	10.419	8.610	0.000	26.148	0.000	9.182	0	0	0	0	0	0	0	0	0	0	0	0	0	0	0	0	0	0	0	0	0	0	0	0	0	0	0	0	0	0	0	0	0	0	0	0	0	0	0	0	0	0	0	0	0	0	0	0	0	0	0	0	0	0	0	0	0	0	0
0	0	0	0	0	0	0	0	0	0	0	0	0	0	0	0	0	0	0	0	0	0	0	0	0	0	0	0	0	0	0	0	0	0.000	21.059	9.670	11.101	0.000	9.651	9.570	9.717	0.000	5.294	3.362	2.612	0.000	0.000	0.697	0.000	0.000	0.931	0.000	6.442	0.000	18.970	0.000	1.937	4.370	0.000	5.571	0.000	13.156	11.559	2.523	3.089	0.000	8.543	4.912	1.848	4.489	0.000	0.000	0.656	9.799	0.000	6.997	11.096	2.135	1.776	3.896	5.124	7.318	23.869	0.000	18.787	2.242	0.000	0	0	0	0	0	34.422	60.152	63.787	0	0	0	0	0	0	0	0	0	0	0	0	0	0	0	0	0	0	0	0	0	0	0	0	0	0	0	0	0	0	0	0	0	0	0	0	0	0	0	0	0	0	0	0	0	0	0	0	0	0	0	0	0	0	0	0	0	0	0	0	0	0	0	0	0	0	0
0	0	0	0	0	0	0	0	0	0	0	0	0	0	0	0	0	0	0	0	0	0	0	0	0	0	0	0	0	0	0	0	0	0	0	0	0	0	0	0	0	0	0	0	0.000	17.609	38.498	6.377	23.579	0.000	7.802	5.607	0.000	0.000	16.217	6.820	2.917	14.254	24.553	0.000	0.000	16.497	0.000	0	0	0	0	0	0	0	0	0	0	0	0	0	0	0	0	0	0	0	0	0	0	0	0	0	0	0	0	0	0	0	0	0	0	0	0	0	0	0	0	0	0	0	0	0	0	0	0	0	0	0	0	0	0	0	0	0	0	0	0	0	0	0	0	0	0	0	0	0	0	0	0	0	0	0	0	0	0	0	0	0	0	0	0	0	0	0	0	0	0	0	0	0	0	0	0	0	0	0
0	0	0	0	0	0	0	0	0	0	0	0	0	0	0	0	0	0	0	0	0	0	0	0	0	0	0	0	0	0	0	0	0	0	0	0	0	0	0	0	0	0	0	0	0	0	0	0	0	0	0	0	0	0	0.000	0.000	0	0	0	0	0	0	0	0	0	0	0	0	0	0	0	0	0	0	0	0	0	0	0	0	0	0	0	0	0	0	0	0	0	0	0	0	0	0	0	0	0	0	0	0	0	0	0	0	0	0	0	0	0	0	0	0	0	0	0	0	0	0	0	0	0	0	0	0	0	0	0	0	0	0	0	0	0	0	0	0	0	0	0	0	0	0	0	0	0	0	0	0	0	0	0	0	0	0	0	0	0	0	0	0	0	0
