0	0	0	0	0	0	0	0	0	0	0	0	0	0	0	0	0	0	0	0	0	0	0	0	0	0	0	0	0	0	0	0	0	0	0	0	0	0	0	0	0	0	0	0	0	0	0	0	0	0	0	0	0	0	0	0	0	0	0	0	0	0	0	0	0	0	0	0	0	0	0	0	0	0	0	0	0	0	0	0	0	0	0	0	0	0	0	0	0	0	0	0	0	0	0	0	0	0	0	0	0	0	0	0	0	0	0	0	0	0	0	0	0	0	0	0	0	0	0	0	0	0	0	0	0	0	0	0	0	0	0	0	0	0	0	0	0	0	0	0	0	0	0	0	0	0	0	0	0	0	0	0	0	0	0	0	0	0	0	0	0	0
0	0	0	0	0	0	0	0	0	0	0	0	0	0	0	0	0	0	0	0	0	0	0	0	0	0	0	0	0	0	0	0	0	0	0	0	0	0	0	0	0	0	0	0	0	0	0	0	0	0	0	0	0	0	0	0	0	0	0	0	0	0	0	0	0	0	0	0	0	0	0	0	0	0	0	0	0	0	0	0	0	0	0	0	0	0	0	0	0	0	0	0	0	0	0	0	0	0	0	0	0	0	0	0	0	0	0	0	0	0	0	0	0	0	0	0	0	0	0	0	0	0	0	0	0	0	0	0	0	0	0	0	0	0	0	0	0	0	0	0	0	0	0	0	0	0	0	0	0	0	0	0	0	0	0	0	0	0	0	0	0	0
0	0	0	0	0	0	0	0	0	0	0	0	0	0	0	0	0	0	0	0	0	0	0	0	0	0	0	0	0	0	0	0	0	0	0	0	0	0	0	0	0	0	0	0	0	0	0	0	0	0	0	0	0	0	0	0	0	0	0	0	0	0	0	0	0	0	0	0	0	0	0	0	0	0	0	0	0	0	0	0	0	0	0	0	0	0	0	0	0	0	0	0	0	0	0	0	0	0	0	0	0	0	0	0	0	0	0	0	0	0	0	0	0	0	0	0	0	0	0	0	0	0	0	0	0	0	0	0	0	0	0	0	0	0	0	0	0	0	0	0	0	0	0	0	0	0	0	0	0	0	0	0	0	0	0	0	0	0	0	0	0	0
0	0	0	0	0	0	0	0	0	0	0	0	0	0	0	0	0	0	0	0	0	0	0	0	0	0	0	0	0	0	0	0	0	0	0	0	0	0	0	0	0	0	0	0	0	0	0	0	0	0	0	51.039	0.000	18.995	21.091	39.142	34.648	2.598	16.406	0.000	20.290	36.159	9.369	63.911	46.335	40.764	28.642	47.942	91.106	0	0	0	0	0	0	0	0	0	0	0	0	0	0	0	0	0	0	0	0	0	0	0	0	0	0	0	0	0	0	0	0	0	0	0	0	0	0	0	0	0	0	0	0	0	0	0	0	0	0	0	0	0	0	0	0	0	0	0	0	0	0	0	0	0	0	0	0	0	0	0	0	0	0	0	0	0	0	0	0	0	0	0	0	0	0	0	0	0	0	0	0	0
0	0	0	0	0	0	0	0	0	0	0	0	0	0	0	0	0	0	0	0	0	0	0	0	0	0	0	0	0	0	0	0	0	0	0	0	0	0	0	0	0	0	0	0	0	0	0	63.150	32.699	26.202	35.877	52.737	48.324	53.779	21.181	27.966	71.988	40.638	37.260	28.130	51.774	69.881	36.402	52.640	27.256	57.556	37.814	40.876	30.842	34.474	0	0	0	0	0	0	0	129.273	32.413	39.807	40.021	22.327	31.240	0.000	59.345	127.293	8.748	0	0	0	0	0	0	0	0	0	0	0	0	0	0	0	0	0	0	0	0	0	0	0	0	0	0	0	0	0	0	0	0	0	0	0	0	0	0	0	0	0	0	0	0	0	0	0	0	0	0	0	0	0	0	0	0	0	0	0	0	0	0	0	0	0	0	0	0	0	0	0	0	0	0	0
0	0	0	0	0	0	0	0	0	0	0	0	0	0	0	0	0	0	0	0	0	0	0	0	0	0	0	0	0	0	0	0	0	0	0	0	0	49.578	0.000	14.367	44.184	43.439	30.776	26.309	40.974	0.000	47.327	47.917	21.015	55.603	31.537	28.743	60.486	54.623	33.479	59.220	15.627	42.579	26.996	41.778	85.929	92.002	40.087	48.692	48.631	27.765	33.062	37.371	20.361	32.284	36.019	61.834	0	0	0	0	0.000	35.010	55.326	24.197	56.753	33.124	40.149	37.599	1.030	32.306	10.066	11.312	78.413	39.023	51.449	0.000	0	0	0	0	0	0	0	0	0	0	0	0	0	0	0	0	0	0	0	0	0	0	0	0	0	0	0	0	0	0	0	0	0	0	0	0	0	0	0	0	0	0	0	0	0	0	0	0	0	0	0	0	0	0	0	0	0	0	0	0	0	0	0	0	0	0	0	0	0	0
0	0	0	0	0	0	0	0	0	0	0	0	0	0	0	0	0	0	0	0	0	0	0	0	0	0	0	0	0	0	0	0	14.923	97.250	104.853	34.474	24.594	36.403	54.655	54.459	47.168	11.486	53.435	25.517	44.140	49.454	48.393	27.430	66.629	29.647	55.726	60.080	32.522	44.747	64.897	37.498	66.978	64.075	51.724	64.669	62.239	42.418	46.907	39.768	50.543	44.251	49.953	44.471	10.877	36.694	23.341	45.545	0.000	0	0	0	29.531	33.762	67.712	28.110	41.318	20.316	75.260	28.075	36.081	44.690	55.729	29.378	31.645	34.693	42.031	39.830	60.327	13.309	23.406	12.530	65.813	0	0	0	0	0	0	0	0	0	0	0	0	0	0	0	0	0	0	0	0	0	0	0	0	0	0	0	0	0	0	0	0	0	0	0	0	0	0	0	0	0	0	0	0	0	0	0	0	0	0	0	0	0	0	0	0	0	0	0	0	0	0	0	0	0
0	0	0	0	0	0	0	0	0	0	0	0	0	0	0	0	0	0	0	0	0	0	0	0	0	0	0	0	0.000	71.209	41.483	76.112	35.228	67.806	41.544	61.638	25.452	49.297	73.092	48.843	30.567	47.161	37.748	58.208	54.501	44.722	34.324	45.518	56.911	85.839	54.720	44.421	38.646	38.920	37.999	35.149	41.800	74.023	61.036	29.694	46.217	62.370	57.158	45.622	25.645	63.817	47.928	49.015	47.960	61.580	95.923	11.348	20.604	24.874	0.000	16.566	19.878	57.540	63.097	42.203	47.852	72.029	39.591	43.494	43.827	65.836	48.327	46.396	51.315	40.007	70.172	41.216	32.426	40.886	70.663	66.580	63.417	73.175	22.131	12.438	17.640	43.734	51.366	0	0	0	0	0	0	0	0	0	0	0	0	0	0	0	0	0	0	0	0	0	0	0	0	0	0	0	0	0	0	0	0	0	0	0	0	0	0	0	0	0	0	0	0	0	0	0	0	0	0	0	0	0	0	0	0	0	0	0
0	0	0	0	0	0	0	0	0	0	0	0	0	0	0	0	0	0	0	0	0	0	0	0	0	6.963	33.253	58.824	50.070	31.061	18.322	24.988	78.552	47.278	40.645	66.891	29.203	44.676	37.178	61.150	34.012	43.522	47.576	19.741	46.706	44.350	43.002	30.486	55.536	30.998	48.032	23.954	75.833	50.916	88.595	32.296	60.858	46.722	37.205	60.118	33.279	20.654	61.597	47.208	42.165	22.749	47.865	64.075	38.989	64.463	42.614	24.094	1.383	54.302	53.034	21.517	77.374	50.908	48.255	59.070	66.153	27.258	34.533	33.831	32.972	32.630	73.246	33.293	72.436	67.014	65.943	34.081	60.570	27.428	34.388	39.050	54.701	26.883	42.452	35.612	52.231	27.744	57.039	47.256	37.468	67.229	0	0	0	0	0	0	0	0	0	0	0	0	0	0	0	0	0	0	0	0	0	0	0	0	0	0	0	0	0	0	0	0	0	0	0	0	0	0	0	0	0	0	0	0	0	0	0	0	0	0	0	0	0	0	0	0
0	0	0	0	0	0	0	0	0	0	0	0	0	0	0	0	0	0	0	0	0	0	1.051	1.780	26.010	42.997	11.688	38.311	54.969	48.531	17.854	24.167	73.571	63.379	31.885	24.566	61.901	80.027	43.018	45.451	56.401	38.943	22.723	44.790	19.950	86.672	20.647	32.769	14.852	41.095	7.108	56.727	35.753	33.481	28.326	30.547	37.584	50.081	28.561	48.594	47.735	54.366	9.703	28.799	65.050	49.021	65.599	46.673	59.610	84.283	37.825	38.376	12.944	28.927	15.503	19.377	65.009	47.969	46.670	83.340	41.845	64.759	47.984	17.376	64.399	41.507	29.057	24.760	33.365	3.656	37.719	33.779	54.447	30.459	20.128	49.532	33.730	45.038	33.452	51.165	26.856	59.138	35.043	42.306	37.608	66.044	52.801	41.772	14.542	6.142	89.025	0	0	0	0	0	0	0	0	0	0	0	0	0	0	0	0	0	0	0	0	0	0	0	0	0	0	0	0	0	0	0	0	0	0	0	0	0	0	0	0	0	0	0	0	0	0	0	0	0	0	0
0	0	0	0	0	0	0	0	0	0	0	0	0	0	0	0	0	0	0	0	0	0.000	1.016	17.446	33.425	35.782	27.624	81.546	63.119	52.761	65.093	56.740	41.153	40.184	69.406	53.140	63.717	43.837	62.495	16.556	61.538	52.689	33.696	57.712	33.824	31.315	35.824	36.622	31.759	55.116	51.232	49.840	50.777	28.259	61.321	31.977	79.422	9.376	52.913	34.147	24.558	62.710	27.520	39.559	11.791	6.373	23.289	16.982	44.561	37.339	51.387	56.398	34.049	47.127	53.953	61.919	35.168	31.668	21.547	50.518	56.925	60.066	60.640	39.008	55.375	52.961	41.668	23.181	28.940	52.776	56.884	79.535	56.616	48.615	34.487	45.083	24.846	67.268	47.913	52.217	29.207	23.810	56.726	14.194	42.044	21.901	25.195	10.501	52.877	50.539	19.039	22.235	51.217	36.911	0	0	0	0	0	0	0	0	0	0	0	0	0	0	0	0	0	0	0	0	0	0	0	0	0	0	0	0	0	0	0	0	0	0	0	0	0	0	0	0	0	0	0	0	0	0	0	0
0	0	0	0	0	0	0	0	0	0	0	0	0	0	0	0	0	0	0	0	0.484	15.522	24.103	30.722	52.160	64.401	54.930	52.870	43.560	19.783	85.403	81.754	11.228	18.579	41.632	29.305	31.737	53.475	30.988	56.947	17.503	64.959	53.310	59.349	25.838	55.845	31.702	6.639	57.184	49.517	68.091	58.159	37.548	51.502	39.672	47.440	66.877	28.956	63.268	31.870	56.115	44.809	38.340	47.414	47.385	68.585	70.447	38.063	38.863	27.706	55.804	37.249	43.493	0.000	32.654	37.481	21.874	76.991	23.565	18.866	41.073	46.985	43.194	15.652	8.173	18.041	37.577	55.740	42.734	40.809	56.685	34.429	2.689	32.949	47.580	59.628	47.296	65.246	66.374	43.435	1.313	21.023	72.455	57.919	18.803	62.139	33.460	22.316	60.431	47.278	43.946	42.050	27.891	24.752	15.238	31.338	56.662	26.917	0	0	0	0	0	0	0	0	0	0	0	0	0	0	0	0	0	0	0	0	0	0	0	0	0	0	0	0	0	0	0	0	0	0	0	0	0	0	0	0	0	0	0	0
0	0	0	0	0	0	0	0	0	0	0	0	0	0	0	0	0	0	0	11.312	19.663	11.840	36.035	100.618	43.744	87.974	28.291	69.208	35.576	22.942	58.566	31.225	53.375	48.817	80.336	31.786	35.810	74.717	65.988	55.255	33.122	34.782	86.035	37.694	55.334	18.201	29.740	65.853	43.139	48.496	35.665	21.683	33.117	37.781	65.414	30.415	5.306	90.574	73.947	50.954	67.827	18.571	71.979	20.490	13.492	45.137	52.306	5.448	23.515	50.649	54.672	28.295	44.211	35.799	47.632	33.048	42.282	31.993	32.013	33.818	65.536	38.930	57.930	52.098	55.947	36.522	24.646	7.466	46.931	60.721	35.753	39.543	63.183	45.560	51.471	82.071	20.453	44.843	48.367	39.424	45.374	8.863	61.510	67.722	48.876	49.660	33.742	41.961	31.992	64.574	23.565	13.396	36.867	38.904	64.119	47.733	25.110	42.796	48.817	17.861	11.153	0	0	0	0	0	0	0	0	0	0	0	0	0	0	0	0	0	0	0	0	0	0	0	0	0	0	0	0	0	0	0	0	0	0	0	0	0	0	0	0	0
0	0	0	0	0	0	0	0	0	0	0	0	0	0	0	0	0	0	0.000	15.878	30.650	30.828	70.565	8.989	40.828	54.826	55.373	43.106	69.242	0.000	52.204	57.242	41.685	16.470	74.043	20.772	35.762	41.045	31.999	19.636	38.566	31.092	60.355	59.911	60.238	40.097	74.036	55.727	24.965	56.251	28.124	97.299	21.948	36.231	30.020	41.910	68.293	26.713	69.612	43.691	22.553	48.274	28.093	16.052	42.534	35.433	54.586	13.090	29.208	72.762	25.637	46.379	33.392	73.064	15.146	9.683	50.335	29.060	46.266	11.910	36.680	23.574	31.517	33.493	22.087	0.000	39.945	16.693	35.102	79.297	38.291	47.989	63.467	75.246	29.437	46.726	41.798	14.637	49.630	67.953	20.423	63.895	62.836	73.000	33.277	75.025	43.534	39.996	39.924	72.736	36.786	40.779	48.110	77.819	51.362	22.739	36.732	58.280	28.423	51.293	38.859	86.185	49.046	54.718	0	0	0	0	0	0	0	0	0	0	0	0	0	0	0	0	0	0	0	0	0	0	0	0	0	0	0	0	0	0	0	0	0	0	0	0	0	0
0	0	0	0	0	0	0	0	0	0	0	0	0	0	0	0	0	0.000	4.088	19.782	42.001	49.700	71.154	67.685	63.027	33.884	29.061	56.915	74.001	76.664	58.648	63.965	9.463	40.119	58.535	32.829	65.116	19.660	9.044	67.034	52.996	39.646	27.533	32.809	52.744	54.996	32.463	79.440	37.969	58.693	10.716	22.688	40.156	22.873	34.182	51.236	49.284	36.553	51.423	64.623	62.059	46.048	31.054	45.393	21.597	59.299	27.958	31.174	25.644	41.717	32.948	43.977	40.392	40.304	26.756	44.062	39.606	37.117	79.579	30.497	38.086	29.368	27.355	50.917	56.598	34.151	36.440	46.019	46.086	6.191	72.336	70.045	62.605	27.816	45.069	43.833	36.188	37.067	50.688	61.001	42.013	61.707	58.027	38.776	91.881	29.773	45.241	39.449	41.043	45.683	30.727	62.388	19.768	68.891	31.580	79.712	23.645	38.103	9.924	49.994	42.370	60.149	26.432	13.749	11.329	0.000	84.442	0	0	0	0	0	0	0	0	0	0	0	0	0	0	0	0	0	0	0	0	0	0	0	0	0	0	0	0	0	0	0	0	0	0	0
0	0	0	0	0	0	0	0	0	0	0	0	0	0	0	0	0.000	7.811	15.740	8.796	31.912	98.019	46.692	59.374	23.428	68.124	52.111	49.125	50.992	47.658	20.404	13.368	66.770	34.159	41.013	49.315	54.422	40.740	18.211	65.469	39.722	21.005	26.971	53.347	61.211	45.850	68.808	47.423	54.842	60.159	38.718	26.005	40.529	33.576	37.016	29.715	62.781	26.276	47.771	46.501	27.951	54.335	50.058	44.592	29.487	25.769	38.502	41.667	35.224	12.165	54.241	63.656	42.131	25.532	32.196	37.117	48.312	33.129	63.136	55.074	27.889	21.280	38.088	37.423	9.528	27.873	51.252	56.377	39.378	54.520	66.773	18.556	43.409	71.649	56.140	36.501	62.705	37.829	35.310	46.922	30.334	51.615	39.929	65.527	32.735	22.238	37.704	51.161	23.767	49.655	38.834	34.172	65.061	41.515	64.797	68.448	30.469	50.011	21.360	4.994	38.260	54.536	24.817	66.877	37.028	55.509	40.611	42.986	62.746	120.492	0	0	0	0	0	0	0	0	0	0	0	0	0	0	0	0	0	0	0	0	0	0	0	0	0	0	0	0	0	0	0	0
0	0	0	0	0	0	0	0	0	0	0	0	0	0	0	0.000	15.144	22.108	58.929	38.988	72.490	45.362	27.604	33.003	27.356	34.978	82.855	53.887	65.672	39.582	45.900	71.002	59.025	43.281	43.166	18.124	30.098	56.071	53.917	34.199	50.702	37.619	28.346	29.255	52.144	9.377	55.881	54.943	8.509	35.066	26.883	65.000	14.495	62.249	34.885	52.844	49.422	57.575	59.505	49.147	44.672	36.397	43.960	57.496	29.233	29.249	17.746	31.652	42.339	39.064	12.047	34.791	63.208	37.372	24.406	19.633	18.280	18.191	46.581	27.311	35.320	26.721	30.913	27.961	54.548	39.492	52.861	21.015	52.619	37.758	56.196	44.899	24.831	67.662	23.258	32.734	30.448	46.699	47.271	62.810	51.821	54.201	17.080	14.806	56.502	48.953	57.390	61.983	56.714	72.347	29.750	34.758	46.106	15.359	35.758	42.445	41.790	74.043	34.261	55.723	29.445	32.716	21.980	43.932	51.718	48.300	41.116	47.682	37.374	44.471	20.872	36.691	14.136	0	0	0	0	0	0	0	0	0	0	0	0	0	0	0	0	0	0	0	0	0	0	0	0	0	0	0	0	0
0	0	0	0	0	0	0	0	0	0	0	0	0	0	0.000	15.869	23.086	37.435	65.249	85.690	33.072	40.263	31.258	29.824	40.711	30.715	56.545	30.820	59.455	62.670	28.600	67.058	23.309	56.350	26.358	15.968	43.529	65.683	58.381	64.051	47.938	32.139	35.713	58.481	50.640	54.131	41.753	0.000	49.799	35.705	45.107	22.534	50.385	16.363	28.356	33.306	26.352	19.526	15.914	45.036	29.238	25.867	19.917	41.125	19.954	61.487	15.346	36.352	34.150	16.652	81.333	4.592	55.435	40.551	58.707	21.069	18.456	36.283	8.604	57.213	34.017	14.612	25.767	42.590	54.052	30.764	34.213	25.534	34.842	30.436	28.360	40.883	32.251	43.690	34.641	18.649	19.619	74.540	59.569	38.120	42.109	52.268	49.632	17.456	47.848	38.108	47.691	61.199	31.719	56.320	46.273	40.957	67.441	35.370	11.220	29.547	25.858	40.187	27.231	40.969	44.619	57.493	53.495	17.033	42.687	22.090	47.720	37.533	50.383	30.359	60.069	42.926	25.987	24.076	68.058	41.590	0	0	0	0	0	0	0	0	0	0	0	0	0	0	0	0	0	0	0	0	0	0	0	0	0	0
0	0	0	0	0	0	0	0	0	0	0	0	0	0	10.635	33.274	34.844	62.949	36.486	57.266	48.621	65.198	45.797	61.804	25.489	35.875	23.652	51.264	25.608	39.436	51.273	44.448	54.533	14.475	64.095	21.479	49.934	43.004	20.868	51.866	39.739	71.967	51.501	40.727	34.216	33.216	16.574	9.350	16.158	23.307	24.102	17.753	35.728	9.130	37.291	35.260	15.345	28.940	39.099	32.700	41.437	34.721	22.283	30.993	36.640	26.057	18.623	3.307	43.207	51.324	12.592	57.275	56.107	55.270	27.032	28.046	22.610	51.907	17.910	31.869	37.203	47.575	27.012	26.451	26.940	9.573	32.862	19.756	33.782	19.015	65.941	19.172	35.253	55.278	25.218	71.897	49.196	69.949	54.160	28.164	40.560	42.925	47.100	37.818	53.399	49.101	25.823	33.522	27.583	48.724	28.536	59.796	34.650	49.081	26.127	44.816	60.777	68.405	45.590	71.436	33.530	58.566	41.197	53.383	39.247	75.598	32.685	28.011	25.242	51.520	38.176	23.837	48.244	39.881	15.539	46.075	0.000	15.499	0.000	20.108	0	0	0	0	0	0	0	0	0	0	0	0	0	0	0	0	0	0	0	0	0	0
0	0	0	0	0	0	0	0	0	0	0	0	0	6.589	0.000	47.230	36.325	99.938	17.930	79.328	41.063	93.965	49.631	49.874	51.995	0.000	68.487	60.993	42.283	55.221	22.903	14.395	35.236	47.149	39.113	59.007	64.515	46.100	43.049	41.943	26.219	44.113	20.765	22.828	10.064	12.790	43.166	21.386	15.995	8.294	39.085	23.834	29.285	23.977	9.255	26.931	24.507	6.158	37.660	48.948	30.552	16.668	33.750	19.948	29.046	32.474	33.524	29.246	37.793	50.268	25.190	34.890	47.895	44.345	48.142	41.366	25.689	27.571	19.296	19.866	27.450	31.692	16.107	41.219	6.148	35.470	3.994	25.756	49.227	55.954	18.053	32.066	15.581	22.912	10.900	55.018	75.474	49.482	21.463	42.970	34.548	87.338	21.684	41.148	23.014	42.827	62.291	48.559	73.847	50.361	35.234	60.220	42.478	54.517	17.640	2.603	31.683	54.636	55.569	53.481	78.675	80.842	65.011	47.726	24.025	55.822	44.978	47.158	66.085	47.987	45.467	41.780	39.742	46.930	34.546	34.862	20.004	18.075	31.867	39.891	16.257	36.943	0	0	0	0	0	0	0	0	0	0	0	0	0	0	0	0	0	0	0	0
0	0	0	0	0	0	0	0	0	0	0	0	0	18.203	12.300	39.598	11.136	57.291	47.776	46.447	38.876	31.557	53.077	46.097	60.387	34.432	15.713	45.323	51.751	43.633	33.808	31.092	28.947	32.203	28.904	52.814	35.057	52.954	18.124	55.322	17.542	5.307	23.837	26.630	21.294	0.000	12.445	13.012	39.920	10.379	13.614	35.854	45.144	31.891	39.914	19.002	0.000	21.270	27.508	58.010	37.156	25.864	48.366	23.386	51.561	32.646	20.058	25.233	43.665	0.000	60.719	57.306	73.773	32.834	26.466	35.753	42.477	49.313	33.724	34.876	35.296	39.281	21.126	42.053	33.019	31.363	28.356	30.894	26.382	27.830	39.118	7.833	40.043	30.217	13.993	18.187	27.583	34.941	3.928	40.714	29.716	54.855	22.317	5.930	31.707	3.480	63.614	52.136	21.816	52.004	26.059	32.893	57.459	50.811	15.799	39.455	48.710	7.577	65.305	21.466	28.817	58.123	7.417	52.806	60.108	73.289	53.596	18.452	49.959	39.788	25.418	45.466	30.095	56.920	45.047	5.995	30.515	40.945	62.952	42.497	56.369	12.467	36.400	65.897	0.000	0	0	0	0	0	0	0	0	0	0	0	0	0	0	0	0	0
0	0	0	0	0	0	0	0	0	0	0	0	7.736	19.379	41.780	47.114	53.185	64.529	51.641	60.614	46.563	32.510	53.818	33.729	50.088	23.140	38.875	45.341	24.605	35.427	29.634	74.447	34.992	46.543	41.867	35.813	20.560	24.005	25.701	17.067	17.771	29.924	13.677	19.602	23.137	6.280	11.537	34.044	45.590	88.396	43.705	37.617	29.796	56.830	51.740	44.371	86.739	100.781	42.472	38.113	34.414	20.066	41.125	19.064	51.272	29.619	45.738	26.965	7.667	54.275	38.404	46.061	47.489	34.323	46.633	38.339	55.858	35.527	23.786	47.347	56.843	40.501	38.315	41.039	8.054	20.681	41.842	32.367	33.982	33.870	21.036	3.698	14.496	31.556	18.011	27.718	25.665	19.545	20.979	37.280	26.126	35.545	17.464	47.034	14.099	10.062	30.387	48.949	35.823	23.999	44.888	49.872	19.287	39.173	41.396	31.631	20.107	19.383	25.897	25.786	24.938	29.426	34.429	33.095	45.396	27.615	27.125	41.331	33.153	34.358	64.293	31.568	62.534	56.202	20.294	27.216	62.516	41.536	48.573	31.580	30.624	63.516	34.547	63.449	29.799	20.520	0.000	0	0	0	0	0	0	0	0	0	0	0	0	0	0	0
0	0	0	0	0	0	0	0	0	0	0	0	15.422	49.746	41.307	33.348	68.302	47.980	47.752	53.792	19.180	34.835	75.442	37.268	47.923	27.613	37.151	44.007	6.247	24.659	56.607	22.840	32.780	15.049	32.848	30.232	32.236	30.115	14.883	8.775	22.973	9.648	30.210	10.723	26.132	15.195	27.372	39.809	57.448	33.132	69.819	82.503	27.534	51.758	25.148	50.552	14.799	50.647	23.054	35.398	50.286	67.630	26.836	19.878	8.728	32.175	19.650	9.640	28.481	27.753	17.385	31.541	34.695	30.489	94.113	35.154	45.593	54.650	41.134	37.611	69.758	39.690	27.639	24.417	19.305	42.688	22.317	14.988	42.610	21.717	53.668	54.303	34.277	16.640	76.849	18.356	20.027	15.654	24.137	36.541	26.758	49.585	32.688	34.580	30.412	38.227	12.034	42.331	22.571	18.038	22.060	35.335	28.809	11.361	52.780	32.210	41.597	49.637	39.533	26.652	27.473	27.355	35.588	36.125	26.958	39.564	48.490	32.030	60.118	30.236	34.588	48.328	36.012	20.433	56.946	47.272	46.203	24.820	63.042	73.068	22.704	56.423	38.981	42.659	34.661	37.656	45.810	64.171	42.088	0	0	0	0	0	0	0	0	0	0	0	0	0
0	0	0	0	0	0	0	0	0	0	0	14.399	46.500	50.969	53.482	44.308	50.237	29.170	38.641	64.114	46.273	63.072	30.343	53.596	41.419	26.250	11.355	46.072	41.713	23.443	68.400	22.178	22.389	37.457	24.055	45.699	33.372	34.094	23.143	22.188	25.672	16.088	29.420	44.425	41.721	54.655	44.970	50.766	42.538	36.423	55.140	29.492	43.428	56.740	41.483	17.130	29.149	55.674	67.360	29.715	56.123	59.201	79.113	50.091	52.224	26.108	35.584	33.386	25.841	18.522	29.221	22.916	27.784	26.490	17.516	34.277	29.757	41.710	64.939	62.715	32.855	39.057	43.187	23.851	25.143	50.931	35.579	4.214	19.592	38.286	24.267	31.943	29.492	34.554	22.187	44.702	35.518	52.392	39.767	35.642	34.524	21.097	18.991	40.914	25.378	16.033	26.731	23.955	18.137	38.542	29.098	24.834	44.974	23.042	34.986	49.137	33.687	15.638	52.270	33.433	12.096	32.359	21.276	50.490	37.366	48.206	32.779	29.436	51.509	56.910	2.582	38.966	44.922	77.651	19.810	14.910	31.822	60.157	39.011	27.780	71.955	23.334	30.468	48.921	59.348	41.092	44.979	32.195	18.583	39.298	38.358	9.975	0	0	0	0	0	0	0	0	0	0
0	0	0	0	0	0	0	0	0	0	0	30.367	31.749	76.965	14.789	34.596	26.193	55.058	41.885	22.997	39.136	22.843	45.426	33.267	47.865	25.509	45.373	26.831	14.983	36.949	44.441	45.313	42.370	29.326	22.328	5.103	18.299	25.068	13.098	30.194	31.771	40.232	57.828	56.471	48.065	53.126	49.363	62.448	72.366	55.691	22.372	76.946	18.779	44.575	18.576	18.205	85.063	24.207	11.965	32.365	98.374	97.273	39.260	35.991	33.042	6.196	21.149	8.470	60.534	3.931	43.166	43.074	29.566	29.576	44.986	46.300	11.485	45.359	7.043	12.922	31.858	38.276	58.093	26.454	38.194	27.106	31.916	36.430	24.970	33.227	39.651	87.474	39.572	69.615	30.833	20.244	23.527	60.544	19.363	48.286	67.423	83.162	18.332	36.462	61.398	45.412	33.044	25.591	19.086	34.169	26.267	12.110	36.994	0.000	19.115	23.397	22.325	9.855	54.126	35.521	26.825	71.154	53.409	29.399	55.193	50.212	36.578	30.138	64.580	33.075	28.885	46.214	46.174	35.642	19.642	40.068	41.575	58.269	50.193	25.557	61.164	74.933	54.943	48.077	62.952	38.396	23.091	31.724	29.480	68.494	47.766	0.748	19.838	0	0	0	0	0	0	0	0	0
0	0	0	0	0	0	0	0	0	0	2.990	29.149	4.558	56.958	29.236	51.497	56.182	61.830	37.800	28.986	23.848	32.473	6.391	55.943	51.065	54.021	31.525	95.347	53.429	14.403	26.200	13.983	29.316	16.182	25.730	12.246	49.138	19.674	37.220	44.395	71.439	54.332	35.868	52.346	48.052	35.750	30.200	13.064	36.041	13.257	37.758	47.558	44.168	73.436	44.252	38.627	8.442	35.475	43.573	71.758	51.282	69.483	14.213	61.387	53.687	53.396	44.671	27.414	40.225	34.582	5.573	19.120	51.173	12.622	40.055	24.269	40.088	37.376	23.868	24.380	21.522	33.884	23.250	66.092	26.260	30.584	42.210	14.104	23.339	53.874	64.318	60.098	42.554	41.995	59.635	24.837	11.379	60.892	76.599	40.122	50.558	30.051	31.689	78.786	49.694	28.454	35.251	71.036	29.316	30.534	44.240	43.702	23.749	59.891	2.838	40.358	34.339	18.412	15.578	37.482	20.650	59.469	35.045	28.430	55.964	40.284	56.295	64.068	27.150	23.840	48.794	25.271	30.840	49.544	44.689	6.664	51.696	40.354	44.066	55.139	27.632	46.297	70.869	26.488	47.347	51.209	27.896	56.956	74.085	29.074	63.257	31.196	26.387	0	0	0	0	0	0	0	0	0
0	0	0	0	0	0	0	0	0	0	29.338	18.267	50.658	46.776	58.243	75.319	68.769	36.347	53.370	68.467	56.442	33.125	45.100	62.493	70.480	41.369	55.930	22.011	35.195	30.944	20.624	32.676	28.371	0.000	25.252	27.149	18.056	17.426	33.535	38.992	40.502	61.142	57.157	26.998	45.029	11.393	43.824	32.968	39.139	27.221	37.289	31.772	42.759	8.027	73.474	23.573	44.769	40.420	21.298	13.390	24.804	51.747	31.745	31.926	59.978	32.080	89.810	50.454	25.856	14.490	24.437	13.454	44.328	36.753	27.318	38.835	31.518	41.459	36.117	31.062	37.469	60.646	24.697	32.870	32.199	33.298	34.431	32.818	41.800	78.430	44.064	81.494	20.391	59.861	53.247	36.484	50.556	44.251	34.244	47.944	61.137	57.296	7.347	46.802	57.655	33.156	88.525	56.961	46.941	37.652	44.242	23.181	14.145	22.576	18.761	28.257	25.219	36.887	15.782	27.292	18.095	23.330	62.774	33.827	53.331	2.573	35.017	45.533	50.201	30.480	49.334	38.590	28.412	14.919	24.660	52.197	25.563	30.223	37.645	39.254	38.927	49.115	48.298	31.926	56.221	51.680	27.267	57.301	31.972	16.536	81.769	37.397	8.168	8.052	0	0	0	0	0	0	0	0
0	0	0	0	0	0	0	0	0	0	50.738	57.869	48.427	34.927	59.817	37.555	59.299	19.052	34.817	31.011	56.764	15.005	52.975	51.086	68.314	51.158	37.066	43.962	39.587	27.799	2.007	29.290	13.518	33.968	48.084	46.238	32.969	64.043	35.384	48.515	29.702	61.306	49.016	53.421	37.343	43.737	34.960	58.602	22.334	27.363	2.473	24.712	61.914	20.732	37.449	52.347	39.971	32.374	45.696	44.627	27.886	20.033	45.104	61.095	30.199	33.544	61.113	23.567	19.405	31.439	39.603	41.810	12.356	21.297	20.444	16.845	28.207	35.850	53.377	53.918	33.972	7.787	38.675	27.863	50.388	35.164	30.131	48.557	62.648	42.085	32.479	25.672	53.833	42.949	38.496	40.666	43.197	35.467	40.613	47.579	41.520	73.263	54.746	59.440	36.378	85.393	34.140	62.808	68.540	35.695	60.971	35.681	12.691	26.536	15.000	37.732	49.513	35.019	17.785	17.772	10.521	28.712	34.668	18.624	42.127	7.507	27.334	30.912	17.816	43.254	58.842	32.134	35.612	37.461	41.296	18.616	66.437	46.132	50.038	17.894	46.814	33.283	31.257	24.433	29.483	63.243	62.450	86.802	31.568	34.630	69.682	46.830	58.030	22.138	42.788	0	0	0	0	0	0	0
0	0	0	0	0	0	0	0	0	46.745	50.816	38.588	49.089	76.647	43.040	50.674	42.859	59.960	64.752	36.671	75.594	22.087	30.719	36.982	55.060	69.279	57.307	48.845	39.718	16.696	32.896	28.044	41.884	24.042	13.898	58.431	39.139	44.947	5.390	0.000	47.490	5.669	52.833	44.859	63.823	56.513	38.953	16.808	34.681	49.531	19.571	47.575	62.701	39.166	32.459	2.119	45.009	38.748	17.906	69.509	54.334	57.135	82.622	38.011	50.004	44.310	58.819	46.801	20.689	53.429	14.128	36.813	25.788	31.809	9.502	21.145	32.670	14.757	50.604	20.332	30.194	34.206	21.397	37.044	48.994	43.832	18.320	65.303	64.156	52.982	26.250	53.473	55.807	32.525	9.090	17.908	62.153	20.404	44.708	67.197	3.826	84.675	101.350	72.157	38.324	44.953	1.249	34.987	44.266	21.621	77.639	55.499	27.554	86.739	48.032	35.454	37.018	38.655	7.206	31.414	26.534	9.237	8.322	29.002	22.104	15.566	55.111	29.572	19.839	46.363	31.743	19.429	44.440	58.658	25.127	18.981	22.353	16.722	30.533	16.743	46.755	39.371	26.084	6.425	38.081	50.035	45.306	33.735	35.127	42.714	73.773	34.484	13.346	32.965	29.949	0	0	0	0	0	0	0
0	0	0	0	0	0	0	0	49.304	1.870	28.045	63.478	44.166	26.092	43.537	38.536	27.571	57.339	39.699	16.838	52.783	20.830	34.653	41.165	76.127	26.687	36.403	49.491	16.152	25.497	19.755	27.584	33.607	33.913	24.788	41.006	63.591	80.703	28.341	46.379	27.014	19.075	57.451	78.249	23.830	20.158	49.463	60.812	113.577	52.577	65.959	2.934	25.524	54.466	63.813	50.344	40.760	23.427	39.670	35.803	34.012	66.723	14.816	38.974	42.079	31.794	84.658	16.396	41.477	32.746	45.421	34.193	27.280	19.014	25.986	14.849	23.818	10.183	46.094	26.003	9.756	19.218	32.424	30.720	27.261	27.836	75.692	64.286	44.950	47.295	65.537	34.595	86.485	45.392	21.415	39.916	48.648	35.704	33.419	46.556	48.363	52.280	19.095	34.266	24.029	41.793	65.809	27.297	50.988	49.135	33.646	62.029	21.713	60.427	70.329	10.690	57.550	21.927	23.081	35.082	42.437	17.362	35.219	41.291	20.193	22.406	17.939	24.984	41.959	42.468	43.995	33.349	35.712	33.557	36.669	34.299	25.841	55.441	32.988	67.882	33.647	85.349	25.078	32.167	20.058	37.272	50.029	39.422	31.084	23.107	28.932	54.522	49.433	26.718	39.699	0.000	0	0	0	0	0	0
0	0	0	0	0	0	0	0	0.000	73.351	16.900	47.339	44.777	44.902	30.216	27.832	59.051	42.341	42.989	69.048	49.857	68.141	44.851	46.647	29.843	20.233	23.281	28.735	31.710	18.986	33.993	21.724	25.659	28.116	0.000	29.857	76.037	39.314	83.311	26.694	29.015	40.694	47.928	24.901	22.381	27.947	26.604	5.631	69.627	16.443	28.090	57.491	45.788	75.311	83.276	42.809	86.067	54.930	67.079	38.544	44.979	45.283	33.601	58.277	48.066	38.496	32.604	63.167	52.839	37.325	48.904	62.086	29.968	36.320	33.667	22.830	17.864	47.369	20.999	15.729	29.165	18.941	3.764	27.235	0.000	35.037	52.315	42.979	53.538	55.747	39.408	44.929	80.534	20.160	55.327	59.992	15.298	46.466	26.956	53.931	12.483	41.285	42.863	53.732	19.490	29.148	30.224	24.042	42.923	27.182	38.395	22.397	53.234	72.776	11.380	40.289	69.483	76.775	66.085	74.499	15.736	44.292	37.902	27.097	16.680	28.581	28.921	28.979	14.242	26.327	31.254	43.128	28.887	26.820	26.165	60.504	44.965	36.481	45.989	68.876	22.873	18.937	28.636	54.354	31.704	42.389	32.053	22.765	39.279	56.390	39.689	47.271	49.201	6.480	10.214	22.310	0	0	0	0	0	0
0	0	0	0	0	0	0	45.807	50.282	88.198	58.390	52.657	62.840	4.031	60.203	30.163	47.367	42.686	41.020	17.096	52.953	44.242	40.785	62.355	61.922	45.749	20.259	52.018	49.420	14.443	37.964	33.262	32.147	48.639	6.683	50.418	59.506	48.534	31.024	55.548	19.531	62.470	58.650	42.510	39.017	23.120	49.877	17.535	24.028	54.339	45.905	32.418	42.931	78.709	33.587	40.282	95.992	39.818	74.459	84.137	76.142	29.826	41.837	25.494	37.965	49.412	37.930	50.074	31.415	42.337	24.890	52.692	42.153	59.465	43.329	17.742	24.882	66.488	25.750	37.042	62.937	0.000	8.337	26.093	40.390	50.529	26.163	63.776	37.814	40.003	35.547	38.588	36.544	46.864	22.734	35.545	66.039	63.882	36.457	41.223	40.472	46.467	31.078	65.926	58.188	39.854	70.615	29.140	35.978	11.327	60.045	44.749	25.527	33.683	44.280	16.556	37.088	48.298	72.038	33.699	87.351	43.629	13.713	31.781	26.805	39.537	20.120	19.205	23.925	32.539	33.798	40.123	0.000	32.476	48.833	60.583	72.088	50.261	12.967	50.673	28.427	17.172	26.860	64.420	16.785	26.923	40.107	18.453	72.778	17.407	64.959	58.074	66.180	44.837	41.934	45.159	0	0	0	0	0	0
0	0	0	0	0	0	0	102.552	24.553	8.371	20.978	38.254	49.928	38.800	46.039	28.206	50.560	16.450	42.122	49.346	43.924	45.109	20.796	47.510	35.748	12.799	30.443	68.305	22.180	34.004	29.303	17.420	32.873	34.603	41.890	33.957	30.171	23.519	27.277	28.837	34.108	31.506	44.393	27.401	29.175	59.948	87.967	22.768	42.605	53.192	26.160	33.059	35.744	62.329	70.971	79.731	40.616	31.547	65.318	32.258	47.398	70.915	78.710	69.451	25.965	44.504	54.841	38.657	77.371	42.102	31.207	50.388	25.195	47.731	0.000	22.471	50.290	53.279	45.745	26.114	70.243	62.389	46.902	23.378	66.455	44.354	60.522	47.921	64.032	28.437	19.378	27.733	0.000	23.025	55.710	50.502	35.020	45.023	31.642	45.269	47.881	50.630	77.832	69.550	52.419	68.180	51.830	39.088	13.014	52.505	64.119	49.417	52.192	30.268	34.379	82.190	38.011	3.123	32.043	49.066	31.063	103.037	53.456	38.508	33.586	46.035	15.559	35.107	0.000	21.632	31.363	32.739	15.645	37.442	34.271	17.614	13.919	54.974	22.509	26.512	75.065	33.985	3.754	22.329	48.109	60.560	61.638	31.182	44.294	62.652	41.308	31.639	31.731	26.498	37.301	44.622	88.990	0	0	0	0	0
0	0	0	0	0	0	0	81.093	43.914	82.462	72.051	46.513	43.317	57.893	46.357	61.640	73.709	51.353	45.271	50.429	59.169	62.633	43.071	39.858	19.157	60.346	13.314	30.752	10.941	16.399	39.419	47.788	17.572	0.000	51.301	52.176	58.471	58.417	37.173	62.790	52.238	56.241	37.286	63.527	65.187	40.693	26.731	25.711	38.878	48.454	36.136	38.198	36.210	63.230	32.151	20.522	56.379	59.568	65.437	29.531	50.487	74.577	53.550	50.631	34.809	44.174	45.601	80.688	25.653	18.412	1.725	81.207	58.027	42.650	30.393	51.587	56.428	60.186	45.099	30.249	44.036	45.286	79.448	40.874	53.039	53.305	39.809	73.204	64.913	42.999	26.243	33.676	33.916	38.738	68.817	71.154	55.373	59.030	52.889	29.298	37.996	74.237	56.022	76.506	31.296	42.307	42.421	53.328	43.359	67.877	53.850	44.201	85.160	68.929	53.461	14.529	45.238	57.026	30.674	42.605	37.841	31.258	29.228	40.846	16.050	30.891	35.768	34.020	53.742	34.540	25.074	35.050	32.221	27.036	46.155	27.750	32.834	48.343	26.137	48.968	54.067	15.594	31.442	31.731	59.383	45.009	38.213	40.122	36.707	44.679	19.538	52.219	16.940	19.389	44.416	27.631	21.946	0	0	0	0	0
0	0	0	0	0	0	53.735	15.723	54.327	54.123	52.936	63.782	53.133	60.675	54.451	55.690	10.972	41.118	58.648	47.666	58.091	19.723	9.884	44.393	42.844	32.646	42.283	4.842	37.998	32.324	25.718	14.498	30.050	15.829	62.437	43.699	32.954	77.390	79.563	50.766	45.356	53.577	25.316	24.338	41.246	25.092	31.724	9.988	50.308	21.411	42.567	37.382	23.238	57.460	70.176	75.574	42.529	40.683	75.162	60.278	60.720	7.117	45.174	82.766	29.568	31.725	55.734	62.967	62.994	59.706	21.145	49.330	8.882	34.329	38.803	33.204	59.855	38.961	30.667	69.965	66.113	55.757	63.704	35.926	37.185	38.650	33.506	31.521	27.636	54.524	43.489	56.773	30.795	26.574	49.069	31.844	42.392	79.971	55.107	22.242	74.182	52.482	19.372	57.770	27.071	46.959	26.658	0.000	47.492	49.346	30.864	54.007	20.088	41.307	39.377	11.652	39.644	41.454	39.646	21.802	32.551	69.074	30.865	21.567	15.020	21.308	30.709	32.753	32.103	22.705	8.016	26.238	52.088	18.435	0.000	24.834	34.840	24.165	53.815	29.309	36.421	40.888	31.752	31.521	94.731	39.814	16.555	35.450	41.020	52.314	56.052	83.138	23.741	47.601	34.566	38.517	11.413	0	0	0	0	0
0	0	0	0	0	0	0	63.903	32.948	76.438	37.173	70.102	62.437	20.401	68.257	31.820	51.433	28.222	4.888	63.669	52.120	31.691	62.621	61.885	27.795	54.732	55.246	21.603	70.047	49.825	32.451	43.780	57.460	36.518	52.492	62.483	79.345	51.060	28.760	57.756	40.156	34.906	32.113	67.758	30.174	59.588	33.730	35.637	51.572	61.904	55.222	63.200	60.032	52.136	36.605	63.352	31.774	85.121	27.784	68.590	36.867	61.453	21.844	70.932	45.909	14.134	9.521	61.079	28.020	46.711	43.293	74.147	34.984	35.967	40.913	21.495	61.631	51.827	27.624	43.328	40.615	72.639	23.333	65.454	52.758	0.000	67.293	40.001	28.836	33.416	16.670	60.376	31.660	34.046	39.060	69.848	64.730	13.224	64.005	0.000	29.776	59.940	63.141	42.773	35.526	87.865	97.339	51.469	36.257	43.958	42.331	41.028	69.384	29.813	39.337	28.082	34.795	19.607	14.062	46.707	61.696	70.508	44.212	118.383	34.766	32.597	43.191	36.078	48.258	14.265	35.819	9.837	19.618	30.597	11.280	64.281	53.042	67.413	29.519	26.492	27.024	25.912	57.504	16.994	19.287	48.074	23.411	21.899	51.990	26.108	44.275	35.850	75.363	53.902	39.739	36.233	33.579	50.608	0	0	0	0
0	0	0	0	0	0	0	34.102	55.730	46.467	65.734	45.351	66.308	49.226	10.752	18.655	18.655	54.851	69.797	22.964	83.953	32.465	51.975	16.942	53.451	45.829	19.552	44.611	14.888	33.893	48.307	9.470	33.866	54.911	87.348	44.848	23.830	71.009	34.080	72.638	33.787	53.049	69.150	107.410	147.345	10.611	68.615	51.890	34.663	44.321	46.288	50.003	57.683	25.076	65.981	26.556	47.281	66.616	11.232	58.599	19.466	73.550	32.346	46.606	16.196	40.362	32.050	49.458	42.572	2.206	12.668	25.524	24.549	35.521	31.961	9.217	51.797	30.331	43.116	43.570	39.596	31.455	25.336	61.186	5.884	66.339	29.881	12.623	46.009	0.000	43.446	55.469	53.185	58.330	52.948	81.193	79.603	51.152	30.720	30.485	41.645	31.497	36.518	32.881	59.755	36.053	39.619	65.609	36.883	52.356	33.621	22.192	40.721	66.877	26.765	49.112	57.083	30.117	39.132	32.769	85.120	60.900	43.294	67.331	31.933	0.000	10.329	60.572	22.919	14.709	26.874	8.355	32.674	11.147	3.495	35.090	48.061	34.330	41.048	25.991	35.378	58.004	23.441	45.884	66.470	44.130	16.957	56.225	26.331	36.289	31.534	36.376	66.238	76.196	30.592	60.173	41.545	45.614	0	0	0	0
0	0	0	0	0	0	32.731	66.636	60.210	67.721	45.450	35.909	61.860	58.734	75.150	42.336	40.000	21.797	60.652	43.202	32.305	46.241	15.929	59.194	46.864	41.369	30.727	37.452	44.954	20.460	35.251	39.648	32.383	14.456	44.964	37.299	34.691	65.340	63.349	64.170	81.020	19.971	32.930	45.224	60.062	33.776	0.000	91.450	76.740	36.406	73.197	55.401	26.728	25.908	21.242	80.344	51.033	10.872	55.652	47.019	28.504	36.299	43.497	33.600	39.053	55.183	30.904	30.732	20.837	45.111	28.203	28.379	54.162	8.303	43.842	45.296	68.496	48.107	44.082	9.446	13.149	48.108	40.139	22.610	43.704	52.025	17.152	45.038	33.772	42.654	60.000	55.596	80.542	52.173	34.493	46.931	51.250	56.036	31.212	94.044	92.769	64.385	39.509	44.837	41.460	38.348	52.675	47.507	61.599	34.064	70.624	32.995	12.346	25.649	55.539	55.226	47.546	53.648	67.437	45.216	47.594	75.155	43.617	16.807	35.136	33.746	41.706	71.403	26.699	11.051	39.194	29.333	21.863	11.359	17.753	27.013	27.026	23.135	38.484	28.679	29.439	51.086	37.655	33.936	23.314	49.622	61.490	56.081	46.765	40.111	42.360	39.419	61.054	99.914	51.552	48.459	62.084	20.546	34.965	0	0	0
0	0	0	0	0	0.000	55.950	89.556	36.885	56.671	44.586	40.153	34.496	67.085	34.026	35.522	33.024	40.854	59.798	38.077	65.365	15.182	35.767	27.333	41.902	49.690	33.419	32.725	32.602	7.722	30.432	45.989	53.483	42.714	37.354	49.352	45.153	53.180	75.846	30.101	21.839	16.736	56.451	59.903	84.208	72.274	53.514	47.305	18.503	23.202	42.029	43.390	8.086	0.000	43.669	7.665	64.420	0.000	62.278	22.086	25.800	65.498	31.926	58.492	52.132	18.248	44.533	30.602	52.462	72.022	24.583	33.739	45.185	26.422	57.630	56.007	17.053	30.387	16.055	20.128	37.671	16.832	51.067	62.644	32.265	34.423	44.264	40.238	48.103	38.349	47.246	12.354	40.836	19.728	26.181	39.611	73.720	35.286	39.789	53.910	41.608	42.944	20.967	50.982	60.458	39.535	25.184	48.273	60.190	37.618	62.909	42.392	45.117	26.790	54.191	13.418	68.504	46.043	57.336	31.186	53.374	37.582	33.969	39.696	33.190	14.292	33.305	60.701	30.711	48.631	4.571	29.830	29.279	29.584	10.015	28.686	25.656	26.226	51.492	27.073	42.788	53.123	67.127	9.452	25.304	56.930	29.613	36.377	39.741	57.862	53.322	53.231	39.684	63.883	65.318	56.162	32.094	22.174	14.985	0	0	0
0	0	0	0	42.434	74.928	47.007	59.030	14.242	68.234	61.895	25.653	43.644	51.263	68.267	58.451	26.643	26.457	44.902	8.410	59.628	39.840	45.543	52.023	46.356	22.110	45.035	34.791	45.787	45.044	33.961	47.136	50.242	20.957	17.981	50.526	19.588	40.016	50.166	33.315	23.553	32.490	24.638	39.466	61.390	23.048	25.693	32.443	29.411	21.130	37.412	23.873	43.065	63.107	45.532	54.024	34.705	12.993	51.608	15.994	42.477	45.572	59.469	27.181	51.188	55.382	28.674	22.803	31.997	5.347	17.928	72.767	29.519	51.152	42.829	61.030	26.629	0.000	5.488	37.196	35.662	7.377	42.739	41.585	36.669	31.537	42.978	35.875	61.492	50.751	26.467	31.889	56.792	21.514	50.263	25.077	48.475	41.177	50.681	51.720	75.771	64.077	45.507	50.117	25.615	23.143	20.250	28.632	55.909	29.351	28.548	25.570	31.021	31.136	33.998	36.588	27.895	59.203	36.947	15.348	55.597	29.435	24.562	2.879	27.444	17.131	58.689	33.054	31.017	69.734	29.652	41.490	16.292	39.168	32.606	19.233	29.193	22.004	33.321	43.662	38.418	27.224	53.267	93.183	15.967	25.578	42.005	87.345	25.609	0.000	46.788	53.845	37.946	41.637	46.071	44.336	58.101	52.067	39.396	0	0	0
0	0	0	0	59.194	5.130	70.471	62.636	4.449	56.962	45.088	53.721	35.334	28.506	44.805	55.615	3.486	49.871	55.609	43.243	59.828	13.490	5.910	24.093	36.974	16.696	29.996	23.441	32.868	15.979	45.024	22.532	65.246	28.062	29.067	26.172	51.348	26.876	33.185	31.174	22.551	26.523	17.579	19.955	40.392	15.655	21.740	51.942	15.048	26.806	59.734	23.898	19.813	40.399	23.046	50.193	21.932	59.338	52.588	26.236	30.216	14.985	54.019	47.886	65.926	51.013	31.983	18.430	45.297	48.485	41.966	87.766	39.819	47.732	40.929	37.164	53.254	35.359	37.405	30.916	26.027	37.890	29.149	30.692	49.419	0.000	0.000	62.858	25.994	44.420	28.736	101.000	43.290	68.806	82.505	52.763	53.215	53.541	29.688	23.237	23.577	56.127	41.607	52.895	11.445	9.135	42.604	8.972	20.905	9.657	7.418	49.581	3.110	25.529	15.503	23.522	10.122	18.251	8.741	21.821	31.217	30.996	29.500	27.750	9.104	48.762	56.578	34.195	40.838	13.331	9.303	42.853	20.783	18.221	26.788	25.376	31.774	21.026	8.916	38.667	40.474	52.284	44.529	32.440	108.066	42.920	29.866	42.195	67.095	33.724	11.539	35.077	37.413	52.789	58.538	49.836	46.654	43.498	33.481	10.702	0	0
0	0	0	18.780	49.187	45.611	20.244	39.889	51.444	47.630	80.443	31.465	72.603	42.577	44.200	59.359	50.986	43.769	66.028	52.704	74.580	17.097	39.580	41.715	30.105	34.039	29.782	32.047	54.376	63.859	38.419	35.318	59.971	16.637	17.147	31.471	30.959	21.993	18.667	34.425	7.680	16.177	24.802	13.009	42.773	27.514	44.754	33.326	27.404	26.245	18.244	44.068	6.944	22.209	68.032	49.021	26.070	51.063	45.423	28.186	16.001	57.673	77.076	24.109	33.851	79.843	18.324	15.238	39.842	44.812	80.261	24.255	49.658	37.511	61.974	34.753	34.314	52.895	18.187	35.064	16.682	39.304	54.824	8.381	53.876	43.848	27.185	53.231	25.131	56.071	74.554	0.000	48.775	36.618	40.661	42.391	26.604	50.084	55.987	56.718	75.896	28.320	41.286	71.126	60.449	44.734	29.747	49.080	24.439	25.397	59.569	29.149	75.959	51.573	48.477	14.868	24.497	17.503	28.490	28.498	47.363	25.091	43.902	37.649	36.583	0.000	18.692	51.007	59.622	35.562	62.708	0.970	21.033	8.830	24.136	19.721	38.550	9.221	22.974	29.758	19.064	40.210	42.894	30.455	14.617	35.896	49.820	53.995	48.011	65.998	68.042	55.458	32.231	60.314	61.409	69.283	66.475	52.282	22.424	63.137	0	0
0	0	0	55.120	33.299	45.374	50.852	38.981	49.838	38.326	82.670	15.560	10.226	16.810	54.571	54.265	47.745	48.632	37.691	65.062	52.118	40.349	43.292	18.509	11.667	28.814	22.686	40.661	35.413	0.000	37.592	68.608	65.207	24.695	39.253	40.527	13.017	16.823	20.384	38.333	58.930	45.615	54.247	42.903	16.380	35.171	33.969	27.674	21.390	18.402	49.763	51.203	17.728	40.419	34.125	56.102	39.655	39.077	41.105	39.253	39.316	53.732	36.432	38.251	49.781	56.429	16.541	48.324	42.146	53.635	36.552	71.742	54.847	52.579	39.683	35.567	36.131	36.855	48.068	35.133	19.078	67.813	89.365	26.658	46.438	35.192	45.682	42.846	53.824	55.722	35.269	55.288	64.768	16.228	46.144	70.949	52.889	43.359	37.385	51.350	60.810	48.498	0.000	29.058	41.264	41.515	36.369	19.909	42.510	6.985	31.519	32.886	51.728	50.057	26.838	29.530	23.903	17.010	26.626	28.804	20.981	29.318	33.608	40.524	27.056	30.179	23.083	49.742	51.537	31.216	33.581	30.744	21.610	9.584	13.120	47.224	17.477	55.810	21.429	12.891	52.193	46.893	17.064	45.478	51.059	24.742	39.753	61.245	46.670	62.431	39.444	47.576	48.652	54.187	76.555	22.552	76.128	43.814	41.697	39.224	0	0
0	0	0	0.000	36.561	24.551	91.090	56.055	75.156	10.963	23.282	17.926	25.246	49.774	52.365	42.960	25.931	65.587	3.642	53.030	47.857	47.445	39.132	31.772	46.372	28.765	41.070	24.003	29.473	36.673	59.341	32.890	47.278	30.754	39.303	29.993	43.328	10.430	38.796	44.545	23.445	24.647	27.513	45.763	55.011	25.753	33.638	46.427	45.179	26.099	78.970	36.564	9.788	53.185	7.454	9.427	71.467	41.637	32.723	36.336	47.029	29.187	66.301	68.439	91.404	0.000	45.757	15.420	27.994	5.342	27.917	54.999	24.729	15.756	9.076	12.287	12.333	36.658	44.296	45.205	32.874	31.399	57.542	20.866	37.902	59.468	25.129	79.215	73.947	25.432	61.313	42.447	54.422	16.197	15.847	58.540	43.336	33.672	46.496	47.727	23.873	83.256	31.369	41.424	10.412	49.122	15.675	52.863	25.174	19.858	67.441	76.168	27.342	40.057	40.973	24.779	50.640	50.878	46.186	29.329	21.603	16.205	25.214	33.609	36.258	12.302	46.550	38.072	12.487	35.070	36.068	19.334	23.773	28.236	26.528	50.179	14.906	16.586	45.141	20.664	54.415	44.049	48.384	36.604	35.723	27.191	41.900	37.512	29.477	12.356	27.706	62.543	17.469	26.756	56.911	45.018	27.296	26.588	51.732	24.623	52.878	0
0	0	0.000	46.032	11.271	49.626	54.975	38.335	57.002	68.978	33.627	48.787	54.866	40.780	54.651	38.071	48.702	36.654	27.135	51.245	43.473	55.171	49.925	34.971	48.201	29.655	27.638	17.879	26.604	17.993	35.513	29.803	28.522	16.691	6.407	44.350	17.437	20.722	34.467	35.346	25.980	28.375	16.229	54.800	48.070	44.277	47.886	26.592	23.298	42.927	23.491	35.521	35.748	32.691	53.134	21.387	32.294	39.335	47.137	23.910	10.930	26.377	25.488	44.129	48.232	52.296	53.237	14.712	51.375	26.075	31.455	35.224	46.863	32.568	0.963	6.110	31.604	24.156	63.712	58.311	30.239	36.803	19.976	24.452	36.718	1.222	61.490	68.661	78.422	28.398	40.183	22.987	59.213	42.472	67.814	21.450	6.910	26.603	18.982	26.223	43.228	48.639	14.551	44.442	27.264	37.155	25.105	36.097	0.000	63.797	31.238	36.768	29.190	15.248	18.420	56.483	23.060	43.998	36.101	31.786	22.401	44.264	40.820	36.681	49.538	9.364	26.642	52.763	57.266	40.820	24.052	38.799	53.056	24.449	50.627	27.808	24.053	32.028	34.765	18.420	27.254	31.611	24.462	24.970	33.901	61.449	47.511	33.672	59.299	35.593	48.145	22.478	32.990	45.835	48.145	28.890	57.291	51.194	63.052	3.460	21.716	0
0	0	38.502	57.797	79.551	17.457	46.970	59.014	41.795	31.338	31.596	61.311	65.283	43.082	20.049	64.439	30.051	43.099	4.315	18.430	57.296	46.981	48.862	43.007	27.832	29.579	48.390	49.628	36.225	68.399	27.221	20.320	33.457	48.143	37.106	26.770	51.554	44.085	42.287	28.785	24.924	23.208	39.552	31.810	46.831	40.634	17.855	37.017	38.563	17.560	56.493	24.967	52.045	31.493	38.677	10.619	29.147	38.590	10.752	22.860	38.493	67.300	34.232	47.134	2.464	27.588	0.000	64.171	51.019	60.754	30.067	30.550	18.167	22.667	21.356	34.320	36.905	37.209	45.259	59.896	27.276	50.300	31.636	10.484	22.264	19.230	15.709	0.000	30.790	51.072	43.678	43.170	20.990	39.504	40.578	38.699	23.362	30.408	31.006	48.788	10.700	31.024	32.593	13.180	41.757	17.056	7.981	67.058	25.500	17.781	12.240	17.586	38.018	47.840	37.613	23.397	89.925	36.849	48.867	10.378	29.509	38.961	48.645	26.375	52.300	24.278	40.447	43.071	39.273	29.306	36.057	44.876	50.992	36.389	13.889	35.890	42.496	30.779	25.745	39.977	10.308	53.246	41.654	56.071	29.986	50.003	60.012	27.067	37.124	49.236	14.364	29.357	31.173	35.821	34.811	38.749	39.919	70.561	41.869	15.310	29.252	0
0	0	19.765	78.842	62.053	56.806	65.051	22.991	55.616	52.427	44.023	27.814	88.955	21.264	18.058	44.612	41.879	42.955	13.963	31.989	42.225	46.611	8.342	25.344	11.720	5.609	10.880	44.604	29.311	36.202	34.924	53.247	56.483	29.954	46.065	20.757	28.342	48.201	43.376	37.318	24.885	36.139	38.950	44.936	51.835	17.712	49.956	0.000	26.297	34.973	57.038	53.805	29.328	70.090	28.738	13.919	36.217	25.202	0.000	25.954	38.288	19.721	7.660	2.653	55.193	20.101	53.105	38.517	34.094	43.500	26.603	9.047	46.212	44.649	41.662	30.113	74.552	17.754	38.588	47.395	58.185	64.289	51.190	47.332	25.992	36.995	25.943	26.835	22.569	17.828	44.520	32.281	64.287	34.843	52.684	54.951	31.083	49.375	58.562	14.794	13.793	46.035	68.968	38.117	17.144	23.424	59.798	55.328	27.235	34.955	38.021	38.152	32.030	52.229	57.120	28.658	26.844	4.306	0.000	5.173	52.945	21.287	32.949	16.134	9.564	49.845	37.713	31.119	16.836	17.686	25.346	43.913	16.225	30.470	33.709	63.253	68.707	30.209	29.659	33.593	22.438	38.341	50.435	29.143	33.721	63.041	38.777	29.815	37.395	44.592	30.710	46.900	64.419	30.362	7.837	17.894	79.092	60.821	45.770	73.930	27.532	0
0	0	114.892	86.920	29.896	46.303	117.466	23.901	48.541	46.862	57.099	31.794	74.700	17.896	35.839	37.913	82.033	27.085	20.253	21.210	40.365	16.718	48.649	36.519	17.803	45.563	34.131	47.508	28.951	21.554	22.603	25.691	22.409	45.015	61.534	31.863	45.940	29.655	48.993	72.117	28.339	40.660	31.608	34.681	65.862	40.191	28.411	15.766	16.822	28.599	58.932	42.548	51.831	23.512	40.409	5.939	49.065	38.865	32.060	22.570	10.449	34.138	24.803	30.135	37.331	39.754	59.763	21.443	28.775	64.123	21.136	18.023	49.272	24.712	9.414	40.128	23.623	49.843	24.522	48.081	46.626	30.066	28.735	69.372	53.493	23.170	29.801	49.634	29.211	26.980	18.074	17.935	20.933	55.674	32.731	28.360	44.472	24.228	0.000	56.358	22.777	30.753	27.785	33.209	25.925	31.915	37.696	55.941	39.192	31.942	51.155	42.881	24.341	35.710	33.087	31.728	17.196	34.290	18.227	52.393	28.274	46.961	31.195	60.247	56.340	43.837	24.850	36.603	40.395	29.775	19.667	9.835	40.293	42.477	54.718	60.193	26.326	33.154	42.150	19.253	40.417	69.911	54.752	50.222	51.762	46.831	24.963	50.364	54.154	35.950	58.508	13.773	60.111	72.194	42.207	52.156	45.273	77.671	79.279	44.908	18.728	33.160
0	0	121.271	19.161	35.421	43.341	48.976	26.989	38.879	33.244	46.202	54.361	41.958	36.158	40.800	88.860	12.519	60.005	48.688	39.233	50.460	41.682	8.102	26.476	31.801	44.699	45.120	31.273	29.117	38.538	7.020	29.641	32.714	39.799	52.558	4.997	32.407	42.434	41.259	33.043	33.545	38.893	12.820	49.447	22.148	42.837	46.585	32.458	20.219	40.438	42.604	52.504	47.459	30.787	32.692	34.210	47.875	26.242	34.827	30.314	30.673	16.476	40.279	14.981	29.166	21.250	5.069	43.319	31.548	26.781	39.902	26.955	47.076	26.563	21.378	34.375	53.517	24.626	39.676	16.233	68.166	44.458	19.337	17.690	76.713	5.707	57.970	62.757	47.251	43.117	22.145	35.863	35.945	33.839	22.684	18.997	33.675	8.146	25.109	21.495	52.281	34.704	56.820	9.083	34.038	17.640	16.011	59.304	29.986	32.821	28.698	42.885	34.376	0.000	33.831	24.797	29.536	49.520	24.319	27.381	22.976	43.870	28.568	10.079	38.095	7.374	17.760	50.951	33.919	32.471	33.671	34.915	26.879	47.910	23.107	34.891	44.017	58.111	19.248	38.304	30.447	32.584	52.688	24.088	38.214	29.241	61.965	59.799	67.910	0.000	41.586	16.431	49.944	40.020	29.043	87.172	4.835	24.747	43.991	22.454	46.006	41.672
0	0	0	37.426	74.314	74.252	71.039	73.287	67.598	33.931	24.546	29.869	50.872	54.100	52.409	71.053	57.275	56.369	35.336	42.119	35.941	53.878	21.966	24.997	34.725	21.868	26.166	27.476	36.778	33.045	27.139	43.236	36.394	41.099	26.698	33.268	16.595	45.110	29.214	36.372	32.301	30.473	0.945	31.044	50.984	26.848	52.123	24.065	2.154	63.736	36.238	17.617	36.544	36.626	71.999	10.508	39.017	45.561	29.187	36.079	5.594	33.305	42.707	27.922	40.788	27.275	35.162	24.044	27.958	42.182	32.443	54.396	47.025	22.240	10.021	47.719	18.016	15.777	38.100	52.702	32.551	12.448	52.506	24.269	44.789	45.561	11.910	10.391	35.993	44.842	36.696	20.769	70.262	26.520	73.610	16.345	18.517	28.695	32.646	38.787	36.917	37.294	31.276	35.907	18.688	19.172	16.684	17.826	47.797	42.562	12.582	35.752	36.946	22.367	38.793	44.393	40.700	31.287	54.067	25.142	17.353	10.777	39.942	35.917	57.469	36.888	53.584	38.336	27.767	32.323	32.740	29.803	48.206	39.363	26.280	16.941	37.470	49.880	58.265	35.182	24.214	23.387	30.639	64.375	41.504	32.123	28.769	28.468	64.926	79.638	51.408	35.174	59.658	44.304	60.990	56.054	30.127	53.342	65.208	47.693	28.125	13.063
0	0	34.477	65.195	14.293	42.873	69.163	48.557	69.451	48.391	68.304	54.594	24.921	78.154	46.827	57.154	57.564	41.217	20.817	17.966	22.883	11.190	9.884	28.689	39.687	22.442	13.071	28.560	42.274	18.750	17.586	42.682	44.500	15.776	34.141	47.917	53.144	40.030	50.577	30.055	27.459	59.652	48.172	31.615	33.487	25.166	30.463	11.970	67.607	6.723	31.359	62.891	25.580	35.061	40.584	5.964	69.896	64.181	33.016	39.109	39.945	40.013	40.443	55.401	36.042	22.214	16.341	27.297	45.928	71.301	34.103	25.223	24.076	40.860	51.571	60.397	31.105	11.721	71.370	20.058	59.795	28.200	19.715	50.218	51.215	25.768	51.432	1.024	40.358	26.556	77.550	36.795	75.366	47.614	6.527	30.433	23.138	29.034	37.994	46.948	50.428	7.141	32.661	38.559	18.310	25.005	19.077	45.057	31.809	10.645	50.385	40.889	8.036	54.302	49.864	53.001	24.521	44.728	33.942	44.799	50.319	28.567	48.940	32.352	54.150	42.177	31.619	16.555	23.596	30.015	33.854	5.578	23.973	16.734	29.176	26.063	13.773	27.572	22.204	52.173	26.902	37.282	39.463	22.395	17.015	16.628	45.282	57.997	24.063	4.848	25.314	72.110	56.785	51.661	59.657	51.611	65.502	49.829	32.723	29.502	70.028	1.764
0	0	0.000	56.097	56.340	46.477	78.078	43.729	22.824	11.184	56.813	60.897	23.360	19.680	27.433	12.938	31.708	25.207	53.917	39.411	31.046	25.351	29.224	28.662	36.874	35.317	39.617	19.373	58.305	22.795	27.375	32.159	38.584	34.089	41.437	28.545	19.698	10.097	27.620	35.234	20.229	42.250	49.822	13.369	15.839	31.764	18.823	26.654	42.977	15.159	59.227	33.623	38.496	6.208	54.305	60.284	48.521	48.988	46.566	49.554	42.196	20.598	39.871	50.812	37.414	58.553	55.114	50.852	31.679	0.000	60.272	29.619	58.929	11.698	28.386	31.679	14.005	45.549	31.727	38.899	62.218	35.492	39.679	57.628	31.683	33.513	70.695	24.874	34.186	36.469	20.246	34.782	32.432	31.151	17.663	40.392	38.245	28.154	58.921	21.308	2.695	84.653	50.134	40.053	34.494	15.482	34.230	41.255	38.138	37.831	26.573	39.567	29.399	30.294	31.342	71.053	30.835	18.786	6.346	31.654	20.273	32.747	46.006	32.992	35.818	31.456	30.085	36.862	57.215	25.288	3.316	18.063	28.326	24.958	29.559	22.344	46.683	34.493	31.474	33.475	18.759	31.694	22.926	43.649	32.157	46.990	78.299	37.919	7.901	36.498	23.198	44.433	63.613	42.538	50.457	50.239	39.533	48.107	52.914	49.139	23.091	32.087
0	0	0	71.589	47.366	45.650	15.492	15.510	18.274	33.504	82.188	19.157	41.603	67.561	67.198	41.276	38.546	34.888	44.728	85.757	55.413	57.236	23.707	43.830	33.902	55.339	21.966	32.035	24.275	30.371	31.109	26.717	44.877	10.155	45.322	34.410	45.836	39.571	47.432	36.173	53.703	42.866	38.697	43.764	30.682	9.702	44.897	23.676	21.685	54.168	71.466	8.709	27.111	35.272	39.631	31.172	39.592	68.727	26.701	44.289	21.299	43.200	27.838	52.901	27.796	36.814	47.179	20.868	23.314	40.172	29.874	62.579	30.271	23.612	18.368	35.178	59.428	74.792	69.370	10.972	66.693	55.940	25.334	51.036	46.462	24.909	39.233	48.974	42.690	52.766	35.584	32.349	14.244	28.642	39.544	51.698	38.379	26.121	49.889	73.583	30.892	70.323	64.894	22.391	0.000	65.968	22.359	32.573	3.848	51.795	46.780	11.177	29.410	19.633	22.300	53.716	48.107	59.443	33.032	42.838	24.075	39.051	61.994	27.967	35.011	34.453	27.182	41.122	19.611	18.716	28.329	23.327	40.274	37.870	36.209	30.615	24.307	10.621	53.195	29.941	36.240	33.658	24.849	15.296	29.728	47.363	38.972	31.209	63.767	48.264	39.769	48.219	68.815	0.000	28.033	40.671	62.510	45.269	65.116	59.203	44.958	52.250
0	0	0	30.742	34.978	61.924	42.125	38.943	55.649	43.359	49.205	45.167	40.811	68.935	52.926	30.666	61.259	53.141	31.260	57.722	41.634	13.197	52.012	18.730	32.730	65.104	49.184	29.459	41.207	20.482	18.962	37.168	51.236	24.119	10.205	43.573	50.799	43.820	21.635	7.729	31.343	32.081	36.730	49.456	44.802	9.477	48.629	21.544	44.199	35.867	55.733	40.445	62.155	20.051	52.723	46.464	74.893	0.000	44.164	38.277	71.706	0.000	55.531	53.177	59.265	44.218	27.685	54.154	43.333	18.194	30.269	12.685	44.916	32.308	31.994	20.047	25.200	48.004	48.962	58.388	27.434	46.501	49.737	41.156	103.897	75.908	35.535	19.605	3.609	12.225	51.797	41.286	32.426	26.087	15.684	32.365	29.180	30.719	48.381	38.800	14.599	21.531	62.969	26.995	38.524	52.613	22.785	29.083	47.935	39.636	17.746	29.257	47.229	30.144	21.891	48.046	27.155	32.424	31.074	43.508	20.596	42.973	41.751	40.552	21.907	16.537	18.122	36.914	28.599	24.566	38.077	28.920	42.211	34.065	92.243	6.684	17.888	48.519	29.385	43.170	37.485	52.770	17.395	42.523	19.838	49.104	64.912	54.591	55.736	87.541	44.930	40.832	33.954	27.980	9.638	19.340	96.985	74.966	37.142	48.253	69.437	34.161
0	0	0	57.382	23.109	67.879	50.639	76.269	61.897	70.506	53.098	46.530	43.485	55.017	36.223	33.254	44.384	42.356	66.664	10.308	37.878	43.871	7.668	42.563	50.344	49.670	55.865	33.563	35.412	34.088	23.023	24.776	31.971	22.060	30.043	28.157	35.198	60.564	16.203	65.733	41.208	34.103	59.154	11.182	55.417	31.583	51.642	30.615	26.318	18.532	67.631	27.132	16.085	40.095	68.217	43.862	34.748	10.294	33.452	24.893	44.068	57.494	38.785	40.945	40.176	26.183	35.948	32.146	14.504	29.220	21.316	42.610	26.733	45.786	25.855	40.371	30.177	13.476	72.013	23.135	16.860	46.521	49.997	2.795	46.279	48.963	43.558	30.985	47.719	33.177	54.272	29.311	0.000	66.574	22.131	48.570	71.951	33.839	59.818	56.557	26.566	32.216	41.851	64.367	48.800	63.464	73.226	15.739	35.103	51.518	30.961	26.811	38.099	12.119	24.186	36.208	3.342	27.881	44.880	63.722	53.526	35.662	63.926	29.572	35.187	32.790	38.406	26.921	2.885	52.144	36.201	36.235	15.584	41.869	31.361	34.045	19.783	28.815	36.902	46.715	17.652	33.510	11.560	62.326	37.165	66.541	35.041	23.204	45.283	46.227	42.619	48.279	26.752	29.061	17.098	53.989	57.738	50.832	59.252	33.220	35.232	49.919
0	0	0	0.000	67.646	76.227	15.630	43.711	12.413	16.085	32.146	53.285	27.513	19.453	89.614	34.882	62.375	33.234	36.521	50.758	90.983	47.579	51.346	30.271	57.086	43.232	27.386	33.737	7.197	19.806	14.654	29.760	40.773	54.845	37.862	0.000	66.611	22.507	36.562	57.189	36.992	14.403	59.485	32.242	10.901	71.251	22.193	34.334	29.036	32.922	24.315	33.689	59.729	70.626	62.950	55.756	47.674	37.004	43.773	32.832	45.817	20.232	38.519	52.048	41.173	33.303	34.911	56.920	28.484	26.584	62.220	79.154	48.028	31.123	40.804	33.238	48.869	64.777	41.809	60.234	60.152	49.789	57.622	45.559	40.052	48.445	57.341	31.490	32.192	19.861	21.479	43.055	36.766	48.973	26.435	16.556	22.285	28.380	34.760	34.049	30.341	22.434	22.413	6.146	4.137	32.159	38.095	35.079	15.973	47.729	47.862	21.400	23.850	36.444	31.729	44.981	32.026	23.288	36.814	66.473	67.058	0.000	47.645	37.066	24.837	40.032	19.134	47.556	29.816	17.369	27.706	13.176	29.457	22.892	18.779	29.484	49.704	49.020	41.495	37.833	59.269	0.973	19.358	20.166	56.635	86.434	33.595	52.585	24.489	17.207	57.418	41.379	48.654	40.785	40.785	21.004	40.051	42.102	71.597	41.034	57.266	25.903
0	0	0	0	63.338	83.239	48.792	53.376	41.454	14.846	52.912	20.380	52.811	13.474	40.429	64.415	47.992	52.860	23.847	74.924	46.035	15.109	40.074	51.704	55.255	48.282	33.617	37.805	69.649	31.308	35.424	10.674	48.916	30.446	31.252	9.679	8.103	39.858	34.015	62.809	76.291	18.461	50.236	33.324	50.886	7.863	43.089	62.050	23.007	47.278	60.130	27.264	42.392	29.067	40.105	42.489	32.759	41.811	49.112	33.311	2.836	44.470	24.730	46.702	78.446	80.104	60.459	36.276	42.580	39.651	15.163	13.894	60.720	28.872	32.542	21.077	33.202	52.632	49.999	8.985	41.822	34.909	46.845	39.376	31.180	42.536	53.059	41.280	26.183	38.425	64.978	36.431	14.149	64.581	37.487	40.813	14.049	23.982	60.213	30.773	42.839	39.966	60.021	29.841	29.036	58.137	54.991	42.269	62.083	50.131	45.175	19.936	43.920	37.913	23.790	28.587	19.176	44.511	23.931	66.757	44.140	44.501	63.877	50.674	4.729	2.182	34.239	31.557	34.428	36.785	44.773	8.979	45.320	19.797	37.426	11.894	37.584	35.552	60.881	23.842	35.762	20.291	54.726	21.465	22.189	33.798	35.667	58.445	39.060	31.889	12.636	55.415	48.688	40.221	56.013	43.105	58.305	40.206	39.394	30.632	33.822	0.000
0	0	0	0	0	4.335	35.911	27.805	82.256	24.823	27.903	12.312	54.535	18.855	37.040	42.168	45.368	16.606	62.729	43.935	61.126	17.358	13.546	12.447	30.792	59.495	67.727	61.828	67.827	45.938	65.017	50.418	62.439	35.079	35.785	28.418	50.599	42.406	26.140	27.753	34.208	18.057	37.644	17.152	39.729	55.025	35.521	46.693	46.381	15.099	40.620	9.226	19.687	32.646	37.314	32.992	48.914	38.450	18.558	16.638	35.167	64.739	30.846	34.663	52.207	47.971	69.283	64.039	29.130	54.883	86.361	40.902	35.865	15.288	31.812	25.093	38.861	36.528	39.195	71.089	36.456	52.713	67.427	88.513	34.774	50.244	45.402	14.937	36.251	41.112	32.821	53.124	20.244	10.091	44.624	22.506	27.583	31.402	21.920	42.216	37.798	29.733	27.936	37.652	19.030	12.663	34.027	31.215	30.898	25.263	17.593	4.199	38.362	72.002	15.971	41.762	27.642	27.112	48.583	35.087	40.700	51.776	28.425	58.080	17.098	23.960	21.725	25.471	30.248	27.710	42.837	30.100	31.004	0.000	33.766	42.072	47.930	50.243	30.242	35.492	24.044	40.310	45.500	29.201	41.060	67.124	15.675	51.006	45.494	32.850	1.392	71.353	46.132	14.674	37.262	30.354	68.062	68.541	38.058	82.151	13.879	0.000
0	0	0	0	0	0	46.731	48.217	88.040	25.727	39.790	45.587	25.224	43.994	45.723	17.996	44.917	58.676	61.404	77.532	49.678	48.142	29.168	19.453	54.443	51.551	65.043	26.658	20.745	55.153	48.099	26.775	45.682	25.334	29.159	28.654	49.912	31.245	27.883	24.768	16.876	25.058	39.587	27.971	35.259	30.797	26.332	52.853	24.183	49.913	80.853	48.585	16.249	18.954	21.280	33.426	43.191	37.261	25.015	47.542	35.972	54.265	40.490	43.349	15.248	40.794	34.023	28.219	17.625	29.968	20.261	56.196	62.423	15.981	60.346	38.378	62.598	61.497	42.366	15.141	31.385	33.628	24.964	81.000	31.614	59.598	47.441	23.806	57.603	32.586	31.616	14.780	36.155	38.936	29.116	20.946	35.865	49.745	39.438	17.536	50.813	24.204	27.392	46.442	40.158	9.675	38.573	25.652	31.855	19.412	15.319	37.529	36.503	46.432	46.928	51.763	33.684	16.946	53.628	37.065	34.863	24.660	68.294	19.376	24.126	35.646	11.953	27.448	23.596	32.235	24.420	24.573	31.350	13.758	29.674	64.069	66.000	41.069	16.179	19.304	68.209	52.957	46.196	51.867	32.827	18.381	35.521	34.104	51.420	58.652	55.908	64.051	35.567	73.259	64.462	69.258	40.885	58.666	47.033	26.675	25.440	0.000
0	0	0	0	0	38.624	48.725	42.134	51.981	74.108	45.872	65.198	33.192	51.397	69.234	29.386	56.719	21.788	61.044	53.264	32.633	22.109	29.225	0.000	58.208	34.164	39.271	32.579	19.484	39.103	59.421	63.444	5.517	27.635	29.720	19.764	37.604	27.915	25.029	29.655	19.880	34.714	40.392	37.263	21.353	44.230	0.000	33.750	4.939	32.833	29.913	47.031	41.154	8.701	19.228	29.337	17.824	40.930	44.800	48.575	24.554	31.448	66.535	55.731	7.233	20.004	21.366	35.969	18.720	33.341	39.653	65.022	25.856	53.618	49.089	37.168	17.638	38.397	41.094	57.460	61.248	53.237	36.271	12.066	2.277	30.341	24.566	15.067	40.078	3.309	61.246	47.724	6.675	12.136	38.451	36.514	39.035	31.024	35.115	21.779	3.512	40.528	44.987	32.773	42.419	4.779	43.603	47.858	41.207	13.958	35.318	6.282	55.375	17.352	15.347	36.774	40.638	77.325	49.490	54.703	70.042	63.489	44.678	22.091	39.771	76.178	24.198	36.097	36.258	27.873	43.083	21.466	57.269	40.182	70.371	41.768	24.130	24.299	31.476	52.387	47.968	21.875	11.501	24.501	39.024	69.697	31.515	31.350	30.131	74.411	50.644	33.598	41.423	70.486	56.386	68.804	51.278	70.662	20.273	49.692	22.102	0
0	0	0	0	0	0.000	30.512	42.836	55.426	33.961	63.032	74.230	35.018	40.455	30.104	78.663	30.763	18.924	55.136	53.786	81.973	25.805	32.126	29.140	45.038	23.107	15.845	31.023	29.279	55.737	54.216	25.479	15.234	31.568	43.824	18.511	32.933	48.555	48.021	11.000	37.687	11.640	30.674	29.937	21.996	37.184	35.699	49.383	25.418	40.112	60.662	36.931	48.520	26.019	47.786	19.392	67.960	30.177	39.850	19.634	15.098	37.264	37.934	45.433	50.722	49.113	51.239	33.924	26.939	27.552	40.185	46.896	24.711	40.945	31.437	51.471	26.115	12.931	19.930	52.446	43.924	13.860	20.358	48.015	25.392	27.883	49.119	51.020	33.641	25.969	27.622	25.093	54.918	30.838	40.549	12.265	39.756	10.015	33.255	23.228	8.078	46.227	23.888	19.199	40.241	44.854	82.760	18.561	23.053	35.528	19.259	35.891	5.592	30.438	52.913	49.605	29.417	48.528	15.318	26.570	41.244	40.199	68.197	27.442	38.370	31.797	46.032	27.514	13.718	12.009	30.425	26.591	44.701	32.141	41.536	21.238	44.415	28.772	10.726	49.553	34.728	21.380	24.894	20.830	45.961	25.910	22.307	76.972	50.225	66.283	59.435	22.231	39.298	67.164	49.671	46.395	71.621	58.326	66.246	36.549	28.247	0
0	0	0	0	0	53.995	34.382	60.105	31.223	40.722	32.313	40.165	56.381	66.634	35.475	46.463	40.108	35.482	20.803	63.820	53.444	67.260	25.675	19.377	47.002	51.163	15.970	14.382	19.413	60.250	26.852	44.945	46.161	61.256	23.707	38.227	46.799	54.594	44.037	33.888	20.252	46.635	53.664	16.880	62.731	41.424	42.243	1.420	36.820	23.190	26.623	36.977	25.905	26.877	42.429	22.973	43.435	32.067	44.332	7.030	45.834	32.862	22.549	55.982	23.228	40.913	37.992	50.920	21.342	39.802	32.698	18.475	43.464	0.000	34.087	34.460	13.159	8.536	44.769	30.732	38.568	41.247	66.216	37.629	50.297	42.031	53.141	0.000	31.537	68.916	0.000	41.957	9.762	33.473	40.316	38.723	24.423	18.021	13.676	35.267	48.843	17.824	16.654	67.214	37.572	2.599	30.988	32.113	20.627	14.246	36.605	28.295	30.709	38.034	41.083	57.606	30.927	37.295	76.408	16.541	59.986	39.086	33.000	31.992	59.211	31.714	44.116	33.725	29.024	39.998	15.418	14.659	44.798	46.642	49.703	34.084	30.404	6.988	60.611	37.621	41.165	35.585	28.486	48.175	21.484	37.085	28.569	53.251	63.579	43.405	67.500	39.493	34.082	9.720	33.784	73.721	49.170	45.339	27.183	19.654	0.000	0
0	0	0	0	0	65.074	44.916	53.794	22.893	70.631	23.443	57.183	81.505	40.079	57.936	58.023	34.703	9.142	46.474	42.353	71.538	70.076	26.306	43.584	44.560	26.099	36.328	43.061	44.812	16.447	33.231	26.632	46.235	73.633	34.171	55.323	22.117	43.152	20.735	23.279	55.641	22.879	40.410	58.298	27.238	33.593	27.447	57.555	38.025	56.795	29.694	59.426	22.314	11.909	36.998	30.617	54.210	49.064	43.271	35.362	9.334	45.088	38.606	26.993	38.568	26.576	35.191	39.985	35.608	29.092	46.171	38.837	13.892	51.349	43.164	75.614	62.610	56.317	34.574	21.417	34.759	23.547	10.845	37.892	22.106	29.671	57.326	70.092	10.195	20.333	21.991	63.849	11.612	27.353	33.217	51.020	24.574	61.863	52.023	35.765	24.738	20.147	35.326	40.688	34.740	41.531	22.068	13.639	52.222	35.249	58.264	25.182	42.224	46.882	43.559	20.520	42.307	35.194	18.076	34.168	38.522	50.549	45.339	26.191	37.885	20.100	36.045	22.707	22.013	42.694	12.151	40.460	35.618	26.310	68.800	42.003	28.236	30.370	59.924	19.564	69.451	62.244	62.876	44.214	48.929	69.076	54.681	30.339	28.017	39.928	42.477	36.543	32.711	58.106	41.946	59.840	36.191	36.521	47.664	33.373	4.462	0
0	0	0	0	0	27.461	63.661	59.579	70.968	40.534	30.290	29.298	19.930	20.442	52.997	105.573	17.540	42.393	81.354	46.770	50.193	40.362	12.681	50.175	22.086	36.517	52.434	24.749	35.591	48.580	71.913	41.358	22.826	22.669	27.251	24.582	56.666	0.998	6.081	26.600	41.803	26.563	9.569	13.796	22.621	36.484	25.103	34.127	46.489	6.718	15.735	25.370	20.390	20.728	28.651	22.354	32.282	22.007	15.775	53.857	35.163	8.787	18.740	20.389	3.193	15.698	37.619	27.130	17.593	36.992	42.685	9.341	61.482	17.793	45.321	20.328	35.951	53.589	32.967	51.407	61.092	64.480	59.123	27.531	23.192	44.837	28.036	45.921	56.027	42.585	45.420	58.281	19.339	40.504	42.565	15.897	59.260	19.554	25.043	18.238	31.195	15.586	36.019	22.619	43.312	25.660	26.359	44.877	38.121	46.047	59.831	42.734	33.699	24.994	56.624	32.237	34.825	7.592	49.394	55.153	24.890	43.343	51.002	39.405	46.478	41.947	50.061	38.229	36.327	13.451	76.402	69.752	30.509	38.927	37.890	17.759	41.088	50.986	51.620	5.428	49.355	28.167	37.805	5.366	50.268	48.495	77.379	27.779	63.061	52.863	71.890	39.458	22.671	53.294	21.340	47.211	39.281	44.615	18.528	23.234	82.579	0
0	0	0	0	0	0	37.148	76.889	95.699	65.379	39.794	31.820	69.821	26.765	50.702	32.570	26.277	50.135	39.289	24.729	45.583	46.234	83.178	0.000	68.926	58.498	23.547	51.850	9.959	46.746	38.038	32.447	34.960	30.335	26.264	42.434	55.583	38.384	22.959	37.275	48.750	26.196	11.237	27.374	22.770	41.343	45.594	44.522	36.014	41.068	73.562	34.907	69.550	43.605	42.016	67.461	44.472	45.182	33.925	68.891	57.550	3.902	25.401	37.899	51.570	21.567	22.618	14.458	34.714	29.147	25.958	27.029	36.165	53.597	34.112	43.917	50.616	30.203	19.736	56.582	32.828	41.854	35.355	60.340	66.607	35.296	48.583	59.871	32.320	25.778	2.632	23.150	23.012	34.985	64.235	46.618	47.742	28.598	38.893	21.791	44.033	38.966	36.125	28.616	53.813	20.598	17.445	31.151	74.771	54.694	41.874	72.106	55.576	44.178	11.286	33.447	16.442	14.465	20.689	36.369	50.966	6.915	36.524	7.344	25.660	14.041	30.236	29.400	20.712	54.663	53.989	23.769	13.341	20.203	21.086	39.358	51.808	52.448	47.979	46.514	23.362	48.715	59.530	46.492	23.281	67.590	28.026	20.544	32.324	35.348	82.244	28.213	47.733	33.619	60.997	57.550	57.492	58.871	25.171	24.824	0	0
0	0	0	0	0	0	78.201	49.431	58.492	44.175	65.575	18.307	59.850	50.833	47.339	52.921	31.664	46.519	40.875	59.181	59.091	34.930	35.493	21.901	0.000	59.889	52.472	36.944	34.280	44.347	66.023	26.859	22.839	43.644	32.886	39.373	46.382	24.328	30.255	34.771	19.722	39.540	25.664	19.770	33.370	45.460	39.253	60.056	30.815	33.383	50.475	48.754	73.462	62.933	46.560	42.763	62.390	52.744	24.495	22.744	30.540	50.528	63.577	60.930	45.262	22.826	53.880	36.165	29.805	52.562	13.037	56.240	12.365	29.944	18.215	38.393	36.702	22.227	29.066	32.253	44.837	58.539	33.337	29.805	46.102	49.143	61.053	38.876	45.224	20.395	30.995	31.374	34.224	30.218	42.223	29.409	59.803	34.988	42.178	53.567	28.985	61.400	25.307	48.605	45.797	47.316	22.875	48.018	43.633	43.101	8.564	29.619	32.744	41.211	33.983	26.614	11.177	47.504	42.794	22.213	37.628	32.798	45.566	5.071	28.535	50.660	17.065	43.576	39.967	23.792	18.087	26.471	30.099	23.874	24.014	7.715	28.238	27.747	22.035	34.879	62.034	69.375	22.795	42.282	56.638	23.604	38.087	58.701	20.273	43.139	35.555	30.132	27.306	57.385	46.454	30.890	37.279	49.923	43.427	32.697	0	0
0	0	0	0	0	0	0.000	72.090	48.603	83.821	102.093	0.000	39.718	100.713	64.638	26.986	25.189	43.571	34.960	50.958	39.599	52.607	30.073	15.555	28.929	17.710	26.502	56.883	21.365	58.374	26.399	32.087	28.974	18.785	31.453	16.596	42.866	37.114	37.891	43.246	35.840	49.694	27.827	5.426	35.558	36.978	29.184	26.994	51.785	15.329	51.021	79.018	31.236	59.080	27.390	39.936	23.289	25.800	33.760	53.481	23.442	40.321	46.896	41.554	28.991	33.935	81.143	1.431	37.913	46.443	15.154	45.680	51.327	62.620	39.769	11.391	54.109	26.672	46.109	31.236	16.346	21.890	21.913	25.958	64.862	36.352	44.713	49.958	33.943	22.695	32.592	31.515	32.855	43.285	58.842	38.371	8.813	21.286	0.000	35.378	83.262	23.154	51.069	36.235	79.992	31.649	17.437	33.975	16.048	25.556	53.752	27.225	33.039	42.448	20.281	27.141	44.287	32.981	21.719	44.055	28.487	24.080	40.595	37.731	31.152	31.734	16.628	32.907	17.785	38.242	35.008	27.174	15.775	52.084	22.403	31.621	39.229	79.593	67.175	30.589	64.427	39.204	18.319	29.593	20.839	50.844	17.541	38.393	80.807	34.422	39.689	60.304	39.141	16.506	58.089	78.116	55.881	3.590	39.189	9.342	0	0
0	0	0	0	0	0	0	81.688	33.038	55.247	58.406	24.898	36.411	44.896	1.675	75.901	23.763	60.588	47.723	92.826	61.378	35.988	28.364	43.661	40.526	56.372	49.680	28.826	38.006	32.795	56.630	39.114	49.796	32.420	57.744	34.417	49.101	32.971	26.959	27.681	27.280	44.179	18.829	24.605	16.293	23.428	41.525	24.026	22.100	44.586	13.445	60.004	37.707	36.577	44.992	53.287	43.252	48.792	19.255	34.390	54.065	37.965	24.758	64.778	19.633	28.551	15.499	34.211	46.757	40.555	27.125	3.575	38.064	26.755	18.082	62.912	43.504	38.874	17.773	55.445	37.564	51.797	57.459	45.620	20.018	43.405	37.654	53.668	26.048	48.143	27.052	35.214	33.268	29.800	51.827	9.790	41.685	35.402	60.280	46.014	35.441	26.360	13.396	17.323	40.464	52.005	37.701	35.357	50.804	25.109	37.090	56.218	42.619	43.091	83.055	39.701	35.686	23.315	20.413	26.242	26.273	22.742	44.684	52.896	34.724	19.059	4.388	34.029	45.929	16.753	46.057	39.017	40.529	33.718	43.022	20.091	32.949	17.887	43.732	46.377	80.398	93.296	47.870	44.180	15.875	62.337	30.136	45.369	44.262	0.000	40.686	48.344	43.121	67.167	76.920	38.581	34.102	78.172	19.437	0	0	0
0	0	0	0	0	0	112.702	58.327	86.443	9.567	47.363	61.576	55.923	57.818	74.894	33.446	58.335	70.349	66.732	47.836	25.381	60.438	47.736	43.845	43.183	27.932	71.695	39.617	27.831	64.301	54.281	62.089	51.797	31.260	36.463	34.030	26.113	29.797	17.827	31.793	20.541	42.325	33.751	35.053	22.012	40.502	18.717	27.844	21.980	37.068	36.684	34.159	19.378	6.127	23.973	35.741	4.189	17.102	47.973	23.877	81.484	32.571	50.207	32.203	56.532	25.303	23.147	45.793	32.153	41.943	43.887	32.001	33.469	15.028	28.543	29.148	51.328	24.109	40.679	22.669	28.890	38.604	34.253	37.839	28.423	6.705	21.380	30.349	46.615	36.311	27.374	54.874	12.505	36.837	26.889	29.303	48.331	39.135	33.753	28.433	40.516	35.842	0.000	55.758	70.863	55.913	37.318	26.882	40.888	68.447	45.978	28.596	36.675	47.788	52.202	69.084	40.182	37.040	20.500	50.143	18.311	18.625	14.669	21.895	32.111	8.726	48.948	18.441	18.819	41.686	20.328	32.167	23.735	69.776	49.392	26.439	35.973	56.101	38.925	35.992	25.920	37.999	41.408	58.574	28.747	50.290	108.010	63.811	24.524	42.705	57.918	42.362	60.060	32.949	54.271	78.435	41.369	21.294	22.900	0	0	0
0	0	0	0	0	0	36.768	45.624	47.943	51.962	37.015	73.797	35.822	39.848	62.809	31.003	46.717	29.360	55.314	80.874	59.954	39.694	101.948	33.649	55.421	23.726	19.433	36.553	43.154	46.189	62.233	1.436	29.463	11.953	48.912	15.623	22.360	33.230	52.425	67.792	51.800	50.132	16.401	29.608	34.274	34.462	19.904	10.817	34.860	37.117	37.674	34.717	60.015	32.059	0.000	36.799	35.767	30.697	7.440	34.588	53.139	16.831	66.108	1.091	42.223	41.902	10.968	17.745	19.388	45.756	29.653	29.007	25.078	40.193	18.217	50.949	32.788	31.591	41.427	35.665	71.661	32.091	63.429	39.357	30.816	28.717	40.907	46.099	52.125	17.998	28.942	26.275	51.093	21.222	38.394	38.636	77.175	6.072	27.895	15.035	26.074	66.072	33.345	24.244	48.292	34.666	44.181	29.251	9.676	36.519	23.906	26.972	55.441	52.619	26.435	61.024	30.921	28.644	28.693	10.956	29.164	20.651	20.866	25.928	21.127	8.032	27.886	23.999	40.331	41.410	46.367	34.353	55.204	24.388	41.547	35.783	62.408	31.869	42.186	63.497	59.136	41.518	36.127	46.027	79.235	41.734	65.214	7.804	39.031	0.000	39.566	51.811	48.331	31.794	31.081	77.177	47.226	30.732	14.079	0	0	0
0	0	0	0	0	0	0	0	0.000	51.955	58.825	30.126	47.504	36.629	41.799	53.635	51.524	45.507	32.711	71.464	48.215	69.911	66.725	54.713	29.968	34.379	14.568	40.222	39.484	65.513	50.213	53.160	33.899	61.534	17.531	46.757	64.784	51.938	63.866	37.168	28.642	17.462	46.647	19.599	37.533	28.271	33.157	6.055	42.310	22.022	38.303	28.179	32.304	33.446	34.005	28.657	60.403	31.581	39.651	51.198	12.840	53.241	17.910	46.865	37.270	23.028	40.543	29.314	34.065	50.947	30.790	24.490	24.884	1.055	34.681	29.924	33.783	23.931	17.131	45.740	50.880	0.000	42.035	66.162	63.111	41.425	21.882	28.204	75.712	40.446	24.490	30.779	40.938	43.764	21.802	49.551	54.464	28.063	19.585	18.007	27.546	49.492	3.014	30.389	49.856	38.334	31.841	9.683	19.954	55.083	43.649	59.859	29.980	21.226	33.129	40.494	48.937	28.279	36.534	51.143	32.309	18.272	16.517	31.422	50.384	28.661	1.013	48.174	31.062	65.391	42.479	11.375	57.500	56.168	38.512	48.685	33.241	30.606	13.448	56.281	45.356	36.895	58.448	42.006	52.011	38.254	66.789	56.392	25.473	53.910	46.353	41.485	64.187	75.554	31.794	45.889	42.471	6.351	23.566	0	0	0
0	0	0	0	0	0	0	0	0	42.464	48.006	41.281	79.661	56.620	19.571	52.317	60.588	63.625	26.591	96.254	39.275	77.400	58.722	43.207	50.503	19.931	57.939	39.061	36.131	64.518	31.004	41.953	31.110	46.965	56.805	23.973	23.353	37.283	55.253	29.078	18.856	53.093	15.598	50.734	23.970	31.489	33.276	12.995	21.124	31.245	13.180	37.182	15.376	40.367	22.349	22.903	36.655	24.029	9.945	35.488	32.635	33.137	22.363	23.519	60.226	64.330	36.088	33.342	33.707	46.153	59.070	46.896	34.242	15.071	39.683	46.995	43.497	57.442	37.383	48.067	43.631	15.089	39.249	25.943	34.329	5.839	33.191	20.165	35.857	26.001	31.249	15.811	32.799	20.961	40.792	43.159	33.277	13.835	12.547	33.966	49.329	44.380	25.100	23.786	27.817	41.718	18.101	32.697	31.811	60.862	57.345	35.942	14.925	20.464	16.926	34.392	52.278	49.434	10.309	4.554	27.563	30.012	28.123	13.721	27.727	1.219	37.594	30.297	18.555	53.044	52.190	48.255	29.184	52.160	40.355	46.816	15.703	33.924	50.766	7.189	28.556	17.704	27.531	60.211	35.421	44.593	33.698	10.645	29.665	44.289	55.766	27.367	8.496	69.527	59.664	52.960	26.762	51.250	11.396	0	0	0
0	0	0	0	0	0	0	0	0	0	32.760	57.376	43.675	66.459	99.500	38.883	84.340	44.568	48.182	77.559	21.268	89.477	61.083	38.953	56.958	45.341	41.228	43.162	36.241	68.680	77.768	41.576	58.485	48.539	35.944	71.673	22.417	0.000	47.273	24.141	20.172	35.695	71.878	4.785	60.354	36.361	37.276	64.498	22.038	20.664	33.829	46.077	30.758	21.398	13.371	48.614	45.714	53.155	50.384	45.037	71.541	35.944	25.868	10.647	47.893	6.561	50.466	45.270	38.359	40.557	38.056	69.932	28.076	16.744	29.691	37.294	38.875	11.139	41.452	23.265	31.590	27.164	15.776	64.229	35.866	50.308	21.291	37.940	13.753	41.180	23.662	20.129	32.518	32.945	33.808	48.741	62.178	33.141	18.218	34.166	23.783	29.545	12.411	44.840	34.050	65.372	3.364	21.107	37.562	29.095	44.486	24.600	17.174	28.066	57.812	35.364	20.594	32.731	22.227	28.831	17.939	15.597	68.963	52.032	37.997	58.527	56.484	24.937	39.325	53.368	44.408	64.383	34.759	45.585	35.320	46.860	29.263	30.502	26.705	56.580	16.111	25.856	49.076	33.436	50.847	25.906	28.836	56.686	28.192	34.965	55.198	33.617	24.680	56.370	96.937	42.477	64.698	16.372	0.000	0	0	0
0	0	0	0	0	0	0	0	0	0	0.000	27.122	18.812	44.470	28.202	32.497	68.604	48.491	68.200	61.852	42.494	26.983	61.013	52.559	46.123	45.582	51.186	40.444	23.837	21.371	42.188	38.068	60.155	39.026	52.828	62.737	56.557	26.023	48.902	25.939	40.592	26.936	44.225	32.557	13.353	41.290	50.507	38.896	28.689	38.774	41.539	27.711	33.859	33.097	12.411	36.236	33.793	36.861	45.529	28.794	6.363	32.501	35.704	50.248	29.640	50.082	33.190	43.483	41.754	25.170	37.955	43.610	25.130	40.093	10.655	5.154	40.613	37.557	32.616	34.481	19.843	32.313	27.361	13.426	64.912	46.856	63.108	48.140	43.899	21.962	0.000	36.339	8.124	14.473	37.523	42.284	49.358	28.932	30.776	3.851	26.274	41.418	19.900	30.473	24.493	27.947	46.340	53.263	24.215	50.657	47.065	3.177	16.383	49.739	27.111	25.470	33.790	56.987	49.201	47.332	79.648	25.326	21.573	28.259	45.964	33.181	22.809	24.093	43.131	49.057	49.348	30.443	25.297	22.473	26.165	28.072	50.950	51.954	39.418	47.874	46.698	35.297	19.353	47.752	64.982	45.988	59.381	62.025	81.564	68.228	46.999	67.087	35.376	58.114	17.108	47.233	49.548	25.924	36.125	0	0	0
0	0	0	0	0	0	0	0	0	0	0	15.605	5.898	44.013	37.637	36.051	36.680	50.200	39.146	63.800	22.986	54.566	36.988	44.708	16.945	19.338	14.519	47.197	9.678	40.862	56.995	48.207	26.282	56.970	39.372	8.915	21.036	28.381	63.137	41.178	20.161	61.408	49.247	36.808	48.726	45.943	25.404	40.403	13.333	19.185	32.666	40.094	35.786	79.610	25.486	24.608	15.366	10.897	46.586	30.954	19.047	73.928	15.682	9.585	46.831	6.861	19.525	36.391	0.000	36.239	56.400	44.524	37.187	27.683	31.123	29.966	15.028	42.734	37.271	85.017	27.830	32.188	35.008	41.676	33.438	25.130	13.121	41.517	0.000	60.998	21.137	19.141	29.293	33.089	31.581	60.692	62.666	39.047	25.420	39.961	30.149	23.671	43.687	60.132	50.603	19.619	63.145	37.321	16.183	49.725	52.667	28.941	20.810	39.358	30.064	29.903	21.547	26.960	59.950	23.899	20.753	22.307	58.631	35.368	21.963	19.609	45.952	36.241	31.421	46.722	65.646	18.994	31.705	28.040	45.527	23.688	31.011	54.508	28.348	0.000	40.951	32.717	23.119	56.205	52.168	55.197	43.957	12.316	2.695	84.405	46.536	43.925	54.306	53.894	22.046	40.289	46.760	47.052	0	0	0	0
0	0	0	0	0	0	0	0	0	0	0	92.451	31.216	35.379	34.754	39.275	37.993	49.752	97.875	16.056	41.155	39.345	30.525	45.213	42.194	9.694	73.333	34.414	70.279	28.558	43.821	54.643	77.887	24.500	5.922	46.791	73.649	41.063	43.963	21.794	51.752	8.656	22.903	37.713	52.178	48.818	19.490	43.498	35.851	5.868	66.036	8.355	56.178	5.807	40.122	55.838	6.196	49.651	33.943	38.451	40.435	29.508	13.548	48.051	45.649	19.980	37.794	21.202	37.418	43.754	58.697	21.978	26.499	34.955	41.258	47.608	21.932	50.300	29.685	55.862	58.858	66.768	30.589	38.089	37.458	61.650	57.014	32.634	43.985	25.088	35.733	35.853	27.665	22.943	43.889	51.784	39.317	17.091	18.265	16.475	21.583	34.249	29.239	40.089	26.219	52.540	56.009	26.798	16.641	31.194	25.129	12.953	39.017	63.321	14.130	45.569	26.109	48.955	17.699	51.879	40.377	0.000	16.606	46.442	61.612	50.656	25.568	58.486	51.814	41.050	27.272	46.672	32.472	24.469	46.581	31.110	62.722	60.764	41.171	70.904	43.083	55.611	46.383	38.416	43.525	24.402	62.375	38.317	49.186	23.092	62.079	52.547	57.375	93.914	25.430	51.287	31.535	28.822	0	0	0	0
0	0	0	0	0	0	0	0	0	0	0	0.000	0.000	37.966	42.709	21.999	66.614	46.477	11.795	62.341	61.218	53.017	47.632	15.108	78.517	24.372	34.136	33.341	70.980	22.796	11.128	62.908	17.815	23.666	0.000	29.967	32.122	42.037	57.690	23.449	75.157	36.880	22.888	44.387	41.082	39.864	29.489	35.320	46.498	14.654	28.808	28.111	29.451	32.805	42.727	45.069	46.962	44.103	18.861	26.106	18.099	44.181	23.510	57.569	47.910	37.168	76.466	39.611	35.828	26.589	28.059	40.852	47.742	13.479	24.846	38.692	25.452	48.335	25.429	34.981	19.949	38.602	59.213	57.833	60.388	57.465	64.285	39.471	41.390	28.900	16.547	24.339	53.987	46.957	32.090	10.581	17.784	20.690	29.526	33.380	20.689	29.626	25.108	30.667	61.802	48.831	33.245	26.543	64.634	43.459	53.469	29.903	30.616	44.563	54.168	31.299	23.787	22.725	37.272	24.286	21.437	46.364	38.502	53.672	37.195	12.544	56.054	26.066	37.093	53.522	72.297	52.598	33.667	44.347	27.474	39.836	56.793	67.993	29.794	28.118	62.944	7.151	27.157	53.139	49.335	28.099	49.081	5.559	40.413	58.816	53.402	45.581	55.480	59.911	67.008	74.972	37.565	40.923	0	0	0	0
0	0	0	0	0	0	0	0	0	0	0	249.339	16.134	59.804	58.021	80.323	37.371	26.056	36.952	35.164	47.421	90.705	40.071	51.188	57.310	38.138	53.134	22.694	80.294	8.110	21.048	45.752	37.921	17.398	23.308	65.584	36.375	54.093	45.402	66.567	16.230	63.314	61.917	53.628	48.014	44.099	14.741	18.548	24.281	30.089	48.517	48.560	44.798	43.766	29.120	57.215	7.302	34.146	25.154	25.874	39.386	10.298	23.688	93.593	19.004	35.809	38.523	48.247	37.201	43.082	23.843	36.648	30.488	31.632	23.680	19.919	72.497	55.863	19.183	15.857	21.272	3.298	36.605	66.429	28.078	41.441	31.441	35.981	57.339	19.017	44.649	27.744	48.076	34.736	31.198	47.990	59.118	30.054	89.489	31.869	31.216	43.362	53.497	55.658	31.448	31.255	38.537	35.660	25.729	29.812	18.730	37.264	31.967	38.526	30.975	49.789	22.408	7.899	54.966	51.957	31.312	46.989	22.525	30.047	17.422	62.433	49.167	30.120	43.048	52.603	38.426	36.546	53.419	16.945	16.885	26.756	68.167	38.782	72.730	36.757	28.088	38.685	60.088	56.524	30.172	69.309	26.917	17.067	49.603	55.355	10.480	29.740	62.192	59.160	51.413	64.481	47.292	81.042	0	0	0	0
0	0	0	0	0	0	0	0	0	0	0	0	40.365	41.118	15.448	43.673	32.861	44.972	58.079	38.690	47.811	38.256	17.223	38.166	19.199	28.982	76.479	47.675	12.148	65.822	47.079	64.114	19.156	26.736	24.963	50.964	39.054	42.333	46.635	36.492	33.385	27.594	50.382	58.613	54.686	33.190	49.420	13.144	33.428	4.163	20.184	39.097	20.633	38.724	32.873	30.217	17.287	49.301	22.797	37.580	10.500	39.718	20.730	49.815	38.354	35.834	38.713	41.449	74.291	47.468	37.248	39.363	52.572	32.769	51.915	60.973	38.115	29.665	46.080	20.516	54.422	25.271	74.174	50.526	44.996	80.439	26.702	19.991	47.588	22.397	43.873	7.312	6.155	35.867	14.268	41.829	60.268	15.746	44.926	45.390	19.341	79.218	22.154	43.712	63.025	35.296	50.455	53.022	28.928	10.478	66.114	24.648	22.999	43.280	34.741	44.132	29.521	12.917	40.574	21.864	57.082	67.278	42.989	8.495	35.119	21.692	45.831	47.519	44.616	47.872	47.634	54.333	31.647	40.105	32.129	99.237	36.436	25.999	59.431	44.007	26.217	39.873	58.082	48.690	5.630	28.068	11.720	65.994	56.443	40.790	39.283	81.217	42.761	49.718	79.018	29.100	39.368	0	0	0	0	0
0	0	0	0	0	0	0	0	0	0	0	0	28.679	33.376	48.484	47.262	14.248	73.516	77.420	28.798	55.589	50.740	61.219	43.184	48.529	25.098	59.219	41.246	30.415	47.794	71.817	54.089	59.371	36.380	10.016	12.529	34.696	38.293	61.518	41.194	37.092	54.340	18.426	25.565	31.865	37.836	20.375	67.262	9.171	36.094	26.584	28.343	26.876	57.091	22.994	19.743	11.443	36.302	28.111	42.421	24.517	19.769	23.963	13.305	50.111	40.611	63.658	47.928	48.821	29.052	17.872	11.587	49.824	41.111	38.576	21.801	47.971	2.730	10.896	27.592	41.121	46.719	43.659	43.465	25.320	25.618	16.123	41.120	18.328	47.935	38.271	45.542	32.514	81.488	48.617	23.908	2.421	53.214	27.898	75.337	61.324	30.283	17.699	43.905	18.016	46.866	37.912	54.808	41.542	13.946	48.207	22.044	15.244	49.877	21.830	47.695	23.899	15.471	54.966	43.063	82.172	47.535	91.621	67.717	46.488	54.802	30.526	34.471	18.007	54.594	17.322	50.203	36.654	43.781	28.392	45.840	33.773	51.284	70.066	40.000	19.189	45.844	32.911	54.666	36.571	48.366	45.485	40.878	42.679	45.650	17.038	30.951	90.645	40.770	58.912	29.171	36.591	0	0	0	0	0
0	0	0	0	0	0	0	0	0	0	0	0	42.219	27.658	68.097	34.685	84.241	49.909	66.715	47.094	45.629	69.150	29.940	81.551	68.369	43.621	43.749	37.976	50.318	29.935	38.537	69.318	56.438	42.908	48.813	44.321	27.614	42.311	36.877	19.512	32.210	78.608	58.552	44.864	49.728	64.775	15.896	33.764	20.240	47.577	25.783	41.279	8.951	13.885	17.664	41.235	35.079	42.880	29.889	13.544	17.601	23.771	35.379	42.791	39.479	11.251	52.783	45.549	38.925	48.622	49.358	47.249	53.314	54.814	32.207	44.980	42.144	16.392	29.807	22.323	49.270	54.494	37.471	36.842	56.925	37.605	39.961	95.481	61.121	44.600	29.765	36.143	45.820	31.129	77.064	42.146	33.598	31.142	38.268	28.923	68.255	50.918	35.426	12.947	29.745	18.853	52.889	38.485	27.550	11.752	36.867	48.594	23.650	11.919	23.982	26.822	37.225	34.324	33.446	37.151	41.953	54.806	51.261	11.497	44.527	47.292	52.954	47.251	39.632	32.789	29.322	29.594	48.477	20.043	58.179	33.149	58.081	31.482	27.731	40.725	23.580	47.569	57.868	14.858	33.454	82.376	41.116	66.906	55.773	62.963	67.027	56.478	19.735	55.566	46.851	63.500	31.068	0	0	0	0	0
0	0	0	0	0	0	0	0	0	0	0	0	130.426	22.068	45.043	65.465	40.354	30.895	52.967	47.185	56.224	73.850	54.170	30.899	56.116	38.809	54.798	35.495	67.174	43.304	49.594	31.434	66.103	34.958	41.093	20.561	0.000	45.291	39.010	24.377	32.765	11.385	45.227	38.552	25.146	55.807	42.916	32.850	49.030	0.000	7.804	29.538	26.081	25.388	30.308	24.669	24.138	34.160	3.437	50.286	31.159	30.310	28.468	42.391	8.960	36.192	81.289	16.103	19.715	31.479	61.829	55.243	68.025	62.303	20.023	35.758	51.826	12.063	41.221	19.129	42.274	23.232	44.239	51.218	35.822	51.574	37.439	45.516	22.778	49.932	44.111	66.220	45.995	40.533	52.905	53.032	61.401	77.088	40.319	71.587	58.497	43.960	31.171	17.775	22.719	48.101	69.423	52.209	13.444	71.388	37.949	11.240	47.983	14.102	21.890	31.646	29.874	46.692	84.726	32.809	52.327	9.717	0.000	55.409	85.928	46.623	61.618	41.669	4.568	41.596	14.668	42.530	35.874	12.636	70.110	35.385	62.836	43.258	37.619	55.888	20.698	73.319	62.767	32.480	50.198	43.328	29.530	38.428	46.450	32.177	47.079	20.295	66.195	36.155	47.156	29.530	0	0	0	0	0	0
0	0	0	0	0	0	0	0	0	0	0	0	0	47.376	46.727	42.071	64.784	33.180	66.533	53.277	86.431	66.388	60.472	86.652	43.181	49.182	18.341	50.446	43.605	24.357	29.521	57.961	66.725	38.055	66.566	33.868	15.259	13.304	52.099	39.688	68.541	32.939	92.955	12.473	48.884	67.630	17.182	65.424	26.009	24.728	40.666	52.223	44.690	49.981	64.461	31.479	29.892	43.324	25.859	52.864	63.285	37.890	38.025	51.346	52.419	66.357	22.370	39.061	60.198	27.231	52.936	47.858	44.469	32.224	27.347	41.296	27.230	49.810	28.775	64.465	66.550	40.157	42.514	71.938	48.306	26.647	34.481	37.540	47.550	17.554	53.824	50.953	36.019	91.407	48.106	24.542	27.273	26.537	47.218	42.205	8.706	24.920	41.117	21.244	38.066	39.049	31.076	29.534	14.558	46.131	32.724	32.647	11.282	24.374	50.617	46.644	25.721	14.928	34.187	55.014	32.792	27.128	39.067	27.591	50.198	69.037	55.215	16.024	26.102	50.806	28.336	30.903	38.442	55.375	49.894	13.598	54.744	33.305	52.425	29.207	9.185	69.717	43.059	89.617	36.775	55.935	46.057	56.906	69.252	46.533	54.407	46.374	76.141	65.462	34.830	87.055	0	0	0	0	0	0
0	0	0	0	0	0	0	0	0	0	0	0	0	25.001	53.467	38.700	51.981	60.517	47.485	32.910	41.102	51.775	30.794	16.243	74.191	51.931	22.990	41.250	85.498	64.552	34.947	66.839	14.624	23.578	17.099	36.848	7.671	26.559	44.990	39.522	43.878	42.219	38.909	50.958	73.789	28.531	30.244	22.396	20.105	38.469	58.742	48.757	75.412	24.582	50.616	41.483	13.422	41.266	16.640	32.091	11.316	34.302	36.006	49.391	69.797	45.175	47.014	6.614	65.764	49.403	39.565	19.842	54.226	46.892	31.947	53.741	58.467	63.520	54.470	33.598	39.673	47.870	28.439	66.618	37.671	74.323	35.203	25.237	41.734	44.658	60.858	41.218	34.665	44.886	38.218	44.179	27.725	50.127	35.737	40.253	43.438	27.122	28.282	36.533	53.579	26.866	75.190	0.000	32.809	29.271	23.725	17.721	65.859	15.384	12.273	59.937	13.393	35.425	19.606	58.065	28.568	27.643	46.511	41.151	33.816	67.879	62.679	55.252	54.676	31.790	64.446	17.888	40.411	26.717	47.981	39.715	37.397	40.785	61.365	6.769	15.863	47.374	29.279	44.735	38.424	57.276	38.679	58.162	86.426	86.088	85.719	53.485	43.316	34.748	0.000	0	0	0	0	0	0	0
0	0	0	0	0	0	0	0	0	0	0	0	0	0.000	54.389	56.241	120.512	67.002	60.333	57.349	67.112	26.365	75.941	53.393	47.784	49.358	37.255	50.278	40.771	63.772	37.471	31.140	52.209	70.406	45.452	32.601	9.337	25.446	42.676	36.295	0.000	25.553	27.280	42.621	34.279	40.356	29.759	26.011	31.009	37.722	54.023	25.514	16.690	28.927	70.206	42.225	23.152	53.760	54.969	81.522	0.000	13.286	41.831	35.863	0.000	12.095	43.431	6.924	33.878	48.417	21.007	0.000	23.634	45.546	23.931	36.848	20.510	31.950	16.894	26.926	20.830	50.930	44.470	66.033	31.458	35.959	41.111	59.099	64.068	35.752	36.026	51.204	54.906	58.560	24.388	29.230	16.608	23.105	34.949	75.681	21.775	22.689	26.840	27.337	18.729	0.000	23.823	35.689	44.063	31.729	52.425	32.901	25.486	29.319	45.191	49.989	34.579	44.876	26.747	35.339	86.916	28.192	56.451	31.041	42.469	26.648	29.602	39.865	18.346	72.289	27.286	46.968	45.451	43.311	40.071	1.259	36.131	44.838	41.837	24.198	59.386	25.379	34.265	54.995	40.374	84.527	27.483	50.197	40.710	55.551	82.950	71.523	48.076	39.691	0.000	0	0	0	0	0	0	0
0	0	0	0	0	0	0	0	0	0	0	0	0	0	19.185	27.700	39.921	40.528	88.943	71.311	44.549	79.809	10.257	57.648	66.728	46.885	27.769	21.954	63.172	43.160	39.999	74.123	52.385	48.779	40.708	71.288	9.823	15.079	31.484	33.796	62.879	36.658	30.710	83.361	70.309	30.530	25.359	26.705	40.866	36.856	30.088	44.957	63.230	38.980	51.252	86.685	55.536	0.000	25.121	34.985	28.497	27.133	16.723	33.351	23.899	8.484	33.906	48.527	36.128	59.453	17.490	28.940	8.775	23.815	24.191	56.195	33.888	44.393	10.195	42.645	39.215	72.822	49.035	45.065	28.007	71.189	74.468	72.392	49.870	45.424	45.100	36.151	19.967	34.398	42.332	43.880	31.909	43.097	16.264	48.583	19.008	37.078	43.720	36.585	14.333	39.151	52.425	26.534	16.486	35.042	35.486	5.670	33.924	39.833	53.722	56.713	41.780	36.670	39.151	35.639	49.206	27.969	30.038	29.087	18.018	25.527	53.520	19.508	41.120	31.962	23.228	14.825	47.258	34.651	24.847	33.668	25.076	69.866	49.090	33.769	34.094	41.646	54.552	45.163	51.376	51.070	57.284	49.312	79.451	65.507	48.263	44.936	32.061	51.982	0	0	0	0	0	0	0	0
0	0	0	0	0	0	0	0	0	0	0	0	0	0	0	22.813	45.285	81.246	51.263	68.491	48.086	45.741	35.663	52.979	53.439	73.737	22.572	43.406	53.562	18.342	25.236	40.416	64.499	63.375	33.888	63.594	74.672	35.714	33.977	57.596	46.966	55.862	25.737	57.147	11.974	26.460	31.688	35.717	67.332	43.587	16.384	33.774	30.657	36.342	28.613	24.090	26.499	29.373	40.647	28.873	20.796	34.387	30.909	8.277	54.952	16.260	38.934	39.875	54.900	32.202	33.038	25.936	20.524	24.325	72.355	36.309	96.710	30.292	50.637	58.256	62.140	51.132	38.621	74.366	14.563	60.787	41.424	58.065	35.787	44.336	30.308	47.445	30.349	22.252	14.785	33.670	25.557	32.059	42.605	72.086	31.698	42.726	40.501	38.416	22.321	21.789	41.862	45.012	23.678	24.112	41.226	19.986	25.241	54.794	47.173	7.475	18.607	50.538	36.724	38.026	34.281	44.848	18.597	37.345	30.377	24.168	59.937	43.497	25.965	30.465	33.698	16.369	48.724	39.062	33.462	34.026	17.108	55.107	26.422	42.855	1.645	37.498	44.082	42.592	54.212	52.476	31.023	74.677	82.699	64.228	31.841	42.754	26.465	0	0	0	0	0	0	0	0	0
0	0	0	0	0	0	0	0	0	0	0	0	0	0	0	30.640	55.566	26.261	20.948	39.434	68.544	44.798	12.589	37.528	45.147	51.080	56.450	42.718	54.867	4.973	51.841	26.682	54.451	52.536	41.343	35.380	33.524	26.936	17.940	17.994	33.504	30.794	16.106	44.735	18.952	3.114	8.674	54.838	63.589	56.897	13.777	28.371	23.684	61.513	63.873	33.503	33.451	30.363	26.073	27.227	30.177	5.792	39.836	40.333	27.726	8.030	59.276	43.341	33.462	57.015	46.498	0.000	21.168	28.718	32.154	7.273	59.818	32.916	33.836	60.775	17.692	45.827	50.079	53.368	35.578	25.781	48.919	22.710	53.081	46.243	61.496	54.886	39.772	37.513	56.471	41.508	22.648	7.674	18.168	29.515	39.153	44.072	48.108	35.273	52.129	26.395	29.541	51.799	43.204	51.422	64.820	51.461	40.288	47.425	52.549	52.725	27.430	18.155	30.919	21.887	11.444	10.801	11.066	53.318	73.116	46.622	10.972	35.194	36.492	32.873	10.334	51.954	48.837	19.460	46.365	15.502	42.392	80.530	35.726	69.173	14.690	59.696	39.211	40.436	43.842	28.397	60.402	81.879	47.969	63.435	39.849	26.210	8.215	0	0	0	0	0	0	0	0	0
0	0	0	0	0	0	0	0	0	0	0	0	0	0	0	0	66.811	61.232	30.704	41.475	28.879	24.723	50.078	57.361	69.454	17.749	37.023	26.959	52.928	55.224	11.085	78.038	67.519	26.386	12.083	38.866	30.678	33.783	34.413	26.052	70.933	21.682	26.160	31.227	31.908	17.642	54.777	38.571	48.552	50.291	60.254	53.914	33.427	39.000	1.602	37.771	47.861	46.744	43.651	31.661	52.617	26.405	40.641	12.710	27.253	34.006	25.471	31.105	20.406	35.112	17.504	39.564	1.358	7.403	50.560	19.959	29.691	53.238	28.270	23.494	32.833	50.955	30.155	39.849	53.163	48.648	32.666	35.011	19.485	67.687	27.185	47.785	37.980	36.419	23.094	43.591	27.765	18.293	12.079	34.353	31.083	20.245	77.105	28.999	27.793	14.559	42.149	0.000	29.731	31.920	43.811	22.819	50.156	65.054	26.590	1.255	45.128	55.253	32.351	53.133	43.524	13.960	33.209	43.995	33.644	23.507	39.378	63.800	82.315	30.719	38.212	42.003	3.257	47.991	17.167	20.589	36.509	34.601	12.856	71.491	72.527	79.476	30.650	25.077	66.622	72.026	55.677	57.169	26.637	47.200	15.130	23.170	0	0	0	0	0	0	0	0	0	0
0	0	0	0	0	0	0	0	0	0	0	0	0	0	0	0	54.766	47.780	72.205	56.305	47.530	43.076	23.533	55.003	18.474	49.255	36.436	30.202	71.979	23.917	64.587	38.939	19.766	11.411	30.896	40.807	46.727	38.249	63.771	63.638	10.998	39.304	35.782	26.973	29.650	53.558	30.039	35.430	20.071	0.000	51.601	44.209	40.962	25.108	44.919	24.481	7.447	24.273	53.420	7.770	14.463	19.479	31.141	14.029	46.328	28.460	34.250	55.686	65.881	39.947	37.905	35.308	35.257	37.884	29.419	29.272	53.607	71.414	46.274	30.067	42.648	48.806	41.959	43.012	63.849	60.522	72.314	27.844	29.516	40.310	33.144	24.542	75.171	47.514	19.197	24.407	58.728	38.459	29.926	64.867	67.840	21.100	38.053	30.296	26.811	31.839	45.502	20.511	11.470	32.101	47.821	52.163	44.281	37.168	37.121	33.362	40.636	56.023	58.189	18.473	11.252	51.825	40.805	17.733	37.545	40.474	68.806	22.916	52.462	31.594	24.826	51.255	52.920	79.661	44.439	39.910	45.817	27.488	42.305	56.776	49.718	32.893	64.556	45.507	57.215	65.143	62.778	38.215	27.246	26.288	45.560	0	0	0	0	0	0	0	0	0	0	0
0	0	0	0	0	0	0	0	0	0	0	0	0	0	0	0	0	43.103	52.504	35.815	22.549	74.565	57.429	38.494	25.550	54.379	53.884	56.995	69.079	55.519	43.253	46.814	64.742	65.901	37.709	15.312	27.959	1.459	38.358	36.109	29.756	21.703	25.985	50.702	49.864	30.956	30.690	41.531	54.999	35.416	48.024	61.561	20.957	20.192	11.091	15.582	45.738	22.285	0.000	62.749	22.490	35.248	39.529	47.208	30.340	63.021	41.897	52.989	50.164	26.361	31.594	21.159	45.273	42.114	18.259	46.889	27.239	25.814	30.068	21.278	41.945	36.766	39.891	26.330	42.987	44.871	47.471	60.973	48.359	49.531	33.352	54.013	66.185	15.753	32.884	38.088	22.907	47.937	31.990	38.722	33.707	33.930	24.897	33.924	6.460	48.456	45.567	42.510	51.186	51.119	51.172	53.455	41.641	35.230	21.329	40.868	26.125	50.444	38.163	64.397	39.344	46.422	8.449	46.506	27.452	37.907	45.961	23.491	61.730	28.655	25.272	62.152	41.830	49.592	38.103	43.497	58.881	75.021	66.880	33.317	78.591	45.043	29.634	43.236	16.541	42.577	57.859	30.866	34.919	0.000	0	0	0	0	0	0	0	0	0	0	0	0
0	0	0	0	0	0	0	0	0	0	0	0	0	0	0	0	0	0	25.906	16.036	20.287	42.100	60.929	55.381	45.853	20.554	65.059	44.165	12.624	55.309	28.145	7.182	43.872	57.181	19.707	35.831	11.616	34.248	26.113	55.531	38.692	34.627	51.646	30.861	35.149	36.669	51.704	19.169	21.422	70.199	89.886	30.546	18.150	56.557	35.249	47.072	3.074	30.561	50.614	25.992	29.125	23.981	50.795	40.524	47.788	24.848	49.260	69.785	29.556	35.074	36.325	39.390	60.462	50.611	26.766	12.490	40.625	16.745	29.713	78.301	34.891	29.534	0.000	33.458	46.040	48.197	57.335	44.969	42.928	37.562	45.253	29.232	44.007	30.778	27.515	45.334	37.329	31.187	38.511	41.982	21.182	46.219	33.622	52.781	23.123	44.461	27.552	42.586	23.757	51.728	57.814	16.433	61.284	30.564	62.705	29.188	51.419	38.145	44.004	24.745	40.156	50.031	28.970	29.128	30.096	61.078	51.168	37.412	30.838	24.844	14.007	43.486	30.395	10.187	74.035	52.395	74.573	30.856	30.535	53.355	55.825	24.363	32.036	59.883	43.049	36.335	29.005	48.735	0	0	0	0	0	0	0	0	0	0	0	0	0	0
0	0	0	0	0	0	0	0	0	0	0	0	0	0	0	0	0	0	0	30.417	46.885	21.565	50.566	62.304	32.185	36.762	80.010	69.063	30.922	56.368	62.702	44.776	43.569	46.596	14.698	31.916	55.577	72.354	0.000	33.837	33.916	37.540	27.300	24.162	51.152	34.246	45.219	65.284	19.810	27.842	60.472	42.635	52.860	50.616	95.411	43.295	51.694	51.794	35.208	25.216	22.718	35.616	42.595	10.507	13.407	29.776	33.222	40.618	49.579	79.200	24.897	6.362	44.714	87.577	37.301	26.783	42.567	68.447	43.698	29.328	21.347	43.254	20.084	50.716	46.786	38.932	21.786	21.254	30.875	35.379	41.609	27.355	61.964	31.390	31.984	20.290	21.683	41.191	43.109	39.882	18.076	36.631	52.424	50.207	52.886	29.629	29.419	22.951	19.294	23.513	37.416	35.835	39.132	69.138	32.614	29.373	64.456	45.949	18.630	37.261	30.707	27.947	69.987	40.447	33.937	113.311	59.837	33.727	27.373	42.296	33.972	14.796	70.214	35.882	62.241	92.478	34.596	36.338	74.817	53.824	25.147	43.363	42.485	29.773	6.169	29.168	0	0	0	0	0	0	0	0	0	0	0	0	0	0	0	0
0	0	0	0	0	0	0	0	0	0	0	0	0	0	0	0	0	0	0	0	27.700	28.025	68.746	64.130	46.290	75.152	49.696	43.918	34.311	60.588	45.309	46.689	65.641	0.000	37.675	51.260	19.325	15.758	44.589	21.408	47.184	6.128	62.130	39.574	61.848	26.139	42.217	39.372	20.341	41.770	46.761	48.360	72.166	48.967	84.497	37.485	44.031	31.209	33.341	28.477	18.222	30.232	26.859	40.760	21.562	39.251	41.045	46.304	32.483	24.019	42.743	34.394	51.188	52.995	50.639	49.968	30.429	59.749	17.466	51.174	40.802	50.765	29.384	31.356	23.266	7.183	25.047	32.295	4.188	31.190	64.648	44.200	27.324	28.639	20.218	44.436	64.229	32.617	51.568	51.540	40.792	40.294	22.891	54.211	34.744	42.333	26.252	15.702	9.301	45.357	56.671	30.247	39.807	40.625	25.732	41.586	8.971	11.543	18.181	35.277	44.174	38.160	52.006	55.981	33.241	74.859	14.180	55.441	45.988	11.229	30.788	34.130	54.554	37.669	68.968	83.902	61.551	71.497	21.625	28.094	28.883	29.551	64.182	88.607	0	0	0	0	0	0	0	0	0	0	0	0	0	0	0	0	0	0
0	0	0	0	0	0	0	0	0	0	0	0	0	0	0	0	0	0	0	0	0	0.000	31.814	33.212	38.496	35.209	65.572	73.970	79.671	61.281	61.047	41.890	37.066	56.348	45.151	51.035	41.897	26.324	29.592	44.140	64.829	34.007	22.510	0.000	46.705	20.788	35.920	29.073	21.271	42.287	37.145	51.947	29.465	50.442	47.599	80.160	52.839	50.135	45.101	35.336	0.000	35.762	19.614	6.705	26.657	35.296	37.582	42.730	83.719	31.743	50.384	41.365	40.735	44.755	75.353	32.536	0.000	64.543	37.744	51.437	16.397	49.749	38.409	19.964	47.635	54.583	56.672	12.705	38.463	65.234	45.948	28.528	79.307	54.199	26.670	66.278	51.162	33.948	41.140	47.793	62.752	32.936	35.973	31.298	25.403	44.146	33.378	8.459	26.551	60.114	37.824	12.174	34.678	25.862	73.115	61.270	45.066	45.009	80.983	29.186	46.372	78.266	60.134	39.634	64.737	37.723	57.984	54.946	55.253	65.238	11.859	28.897	17.320	22.356	32.416	44.001	39.774	34.385	30.471	42.332	64.307	0	0	0	0	0	0	0	0	0	0	0	0	0	0	0	0	0	0	0	0	0
0	0	0	0	0	0	0	0	0	0	0	0	0	0	0	0	0	0	0	0	0	0	54.662	69.361	55.158	29.455	65.417	41.596	62.265	82.359	46.755	22.388	44.237	43.453	42.551	47.895	73.039	57.506	75.998	42.198	45.743	58.767	37.725	1.463	44.560	0.000	68.130	39.800	30.680	6.255	64.786	45.836	67.949	29.695	21.939	59.785	22.989	31.676	22.950	9.514	12.371	0.000	16.197	20.573	34.811	16.825	26.035	30.039	66.143	49.422	48.323	27.373	62.488	42.572	45.976	28.242	85.521	56.757	27.256	36.917	41.788	70.317	80.856	45.484	35.083	35.876	53.480	41.768	0.000	35.234	47.875	26.814	37.301	26.995	22.081	27.131	25.803	54.158	40.518	29.357	17.805	50.003	0.000	30.695	17.567	28.722	23.986	0.000	37.194	26.764	35.360	55.194	18.734	62.734	68.432	61.946	55.695	43.837	61.110	26.349	39.344	37.902	5.631	54.201	39.642	28.363	19.049	9.264	35.766	35.792	13.270	31.930	24.206	34.616	25.754	20.309	25.625	9.670	44.883	0	0	0	0	0	0	0	0	0	0	0	0	0	0	0	0	0	0	0	0	0	0	0
0	0	0	0	0	0	0	0	0	0	0	0	0	0	0	0	0	0	0	0	0	0	0	0	233.213	37.611	62.229	52.973	44.304	37.210	28.151	14.035	76.347	60.191	66.787	35.170	38.322	81.913	32.882	56.978	23.990	49.929	44.592	39.810	11.802	23.812	64.584	52.413	41.932	45.931	45.128	9.334	67.790	54.965	37.353	63.287	38.932	33.512	31.919	63.872	71.458	37.794	30.495	32.661	9.609	12.870	8.327	41.980	33.324	48.805	21.131	24.974	50.465	23.791	37.613	36.049	28.217	57.341	34.076	39.515	36.184	56.959	41.536	21.604	47.192	65.593	40.253	41.097	26.639	40.185	70.710	44.130	36.757	64.850	28.945	50.539	36.896	12.450	68.134	64.669	35.138	17.196	19.535	12.553	25.201	21.855	19.179	3.833	56.607	82.553	28.125	16.821	31.467	19.938	78.717	53.210	46.854	12.558	28.401	51.417	32.015	16.533	29.614	24.082	14.615	24.903	27.861	24.920	24.405	38.756	17.552	39.608	18.049	23.144	36.287	37.468	10.716	101.543	0	0	0	0	0	0	0	0	0	0	0	0	0	0	0	0	0	0	0	0	0	0	0	0
0	0	0	0	0	0	0	0	0	0	0	0	0	0	0	0	0	0	0	0	0	0	0	0	0	76.837	30.112	52.715	42.481	33.255	36.557	55.000	42.705	64.482	67.066	61.941	60.887	21.695	88.450	65.713	48.664	26.485	42.831	17.870	23.117	18.873	28.442	27.480	39.585	19.644	20.837	45.253	69.128	39.537	27.472	37.144	23.529	49.782	32.281	54.089	49.060	62.896	31.960	28.450	19.697	21.537	14.739	0.000	18.075	23.511	0.876	19.066	46.296	25.976	24.943	31.753	64.129	15.756	50.239	32.547	23.381	47.590	35.552	19.856	43.321	54.193	74.187	22.208	66.905	24.978	47.834	36.236	43.771	59.308	17.997	43.163	13.478	33.464	30.409	0.000	28.958	34.372	17.171	15.469	17.471	28.641	37.864	40.398	36.576	0.000	5.148	70.213	32.395	38.556	19.408	4.583	24.566	45.531	9.582	35.881	32.220	34.662	15.553	44.808	16.048	43.663	44.028	32.520	85.135	26.872	0.000	27.855	0	0	0	0	0	0	0	0	0	0	0	0	0	0	0	0	0	0	0	0	0	0	0	0	0	0	0	0	0	0
0	0	0	0	0	0	0	0	0	0	0	0	0	0	0	0	0	0	0	0	0	0	0	0	0	0	0	65.667	52.401	38.972	74.208	84.233	52.819	43.780	44.692	66.259	47.411	38.825	39.294	49.878	42.146	40.667	33.658	44.717	32.698	35.860	42.889	37.526	18.068	37.085	47.029	81.467	49.950	54.255	61.453	46.266	102.132	55.850	25.727	63.322	62.202	22.367	8.914	22.010	25.479	19.907	33.918	13.296	12.199	19.737	29.176	14.749	31.999	25.483	31.217	37.789	28.430	64.779	34.502	48.597	26.733	31.822	44.444	34.094	22.520	45.208	36.050	30.012	36.188	25.945	35.528	25.659	35.847	37.372	29.566	29.805	56.984	33.751	18.470	26.263	28.190	30.676	44.461	29.760	16.083	21.486	21.820	11.374	19.274	6.602	21.768	7.388	13.569	50.885	14.342	10.157	20.735	52.675	29.899	47.603	0.000	74.318	0	0	0	0	0	0	0	0	0	0	0	0	0	0	0	0	0	0	0	0	0	0	0	0	0	0	0	0	0	0	0	0	0	0	0	0	0	0	0	0
0	0	0	0	0	0	0	0	0	0	0	0	0	0	0	0	0	0	0	0	0	0	0	0	0	0	0	0	13.808	29.868	47.326	51.626	52.337	32.069	49.627	43.979	53.603	41.066	48.403	34.094	54.723	59.072	33.025	48.859	64.457	14.263	38.543	31.396	49.150	48.955	47.784	62.775	47.202	48.031	68.862	73.900	48.603	46.802	33.132	42.834	18.690	24.001	23.492	29.795	51.056	15.586	0.000	27.596	27.074	11.734	18.031	20.231	13.835	50.200	25.924	23.746	39.692	23.399	30.097	25.299	28.582	28.642	29.061	38.105	32.365	19.624	7.274	26.362	25.178	17.954	26.049	9.015	20.275	37.675	27.596	29.749	45.871	38.793	21.855	13.332	2.387	17.312	25.700	19.233	10.639	10.611	9.639	19.191	5.071	12.078	0.000	41.978	77.980	0	0	0	0	0	0	0	0	0	0	0	0	0	0	0	0	0	0	0	0	0	0	0	0	0	0	0	0	0	0	0	0	0	0	0	0	0	0	0	0	0	0	0	0	0	0	0	0	0
0	0	0	0	0	0	0	0	0	0	0	0	0	0	0	0	0	0	0	0	0	0	0	0	0	0	0	0	0	101.946	57.673	53.527	68.840	24.186	59.588	14.409	29.552	38.679	40.380	26.912	26.298	29.788	12.951	23.066	23.856	25.107	35.037	35.905	20.393	56.200	29.668	43.814	36.237	51.541	32.775	28.384	51.625	8.961	39.421	51.366	56.407	53.539	6.723	17.445	11.992	22.524	19.870	25.758	30.294	1.044	42.222	17.411	51.990	14.380	49.639	28.658	18.311	0.000	27.359	24.096	18.030	41.903	15.028	42.581	15.748	28.605	25.326	23.197	25.215	9.601	40.268	22.342	14.330	12.170	9.615	11.049	32.432	20.838	31.748	70.906	57.526	23.912	18.364	0	0	0	0	0	0	0	0	0	0	0	0	0	0	0	0	0	0	0	0	0	0	0	0	0	0	0	0	0	0	0	0	0	0	0	0	0	0	0	0	0	0	0	0	0	0	0	0	0	0	0	0	0	0	0	0	0	0	0
0	0	0	0	0	0	0	0	0	0	0	0	0	0	0	0	0	0	0	0	0	0	0	0	0	0	0	0	0	0	0	0	0	0.000	15.163	50.363	39.849	14.782	20.910	3.589	30.122	26.236	29.119	35.690	25.315	22.032	37.321	12.538	49.774	28.616	28.617	12.841	34.624	48.840	56.523	56.741	29.061	15.732	29.984	18.569	23.610	0.000	0.000	0.000	14.971	18.156	14.458	31.026	12.322	18.428	23.199	8.878	32.154	12.861	3.395	20.152	32.878	0.000	0.000	62.343	43.044	0.000	41.457	68.263	55.466	20.182	37.929	0	0	0	0	0	0.000	56.392	25.515	0	0	0	0	0	0	0	0	0	0	0	0	0	0	0	0	0	0	0	0	0	0	0	0	0	0	0	0	0	0	0	0	0	0	0	0	0	0	0	0	0	0	0	0	0	0	0	0	0	0	0	0	0	0	0	0	0	0	0	0	0	0	0	0	0	0	0
0	0	0	0	0	0	0	0	0	0	0	0	0	0	0	0	0	0	0	0	0	0	0	0	0	0	0	0	0	0	0	0	0	0	0	0	0	0	0	0	0	0	0	0	62.225	22.640	56.734	0.000	34.546	37.369	51.583	23.291	24.591	15.765	33.244	36.475	31.823	24.054	20.089	14.799	0.000	21.210	32.031	0	0	0	0	0	0	0	0	0	0	0	0	0	0	0	0	0	0	0	0	0	0	0	0	0	0	0	0	0	0	0	0	0	0	0	0	0	0	0	0	0	0	0	0	0	0	0	0	0	0	0	0	0	0	0	0	0	0	0	0	0	0	0	0	0	0	0	0	0	0	0	0	0	0	0	0	0	0	0	0	0	0	0	0	0	0	0	0	0	0	0	0	0	0	0	0	0	0	0
0	0	0	0	0	0	0	0	0	0	0	0	0	0	0	0	0	0	0	0	0	0	0	0	0	0	0	0	0	0	0	0	0	0	0	0	0	0	0	0	0	0	0	0	0	0	0	0	0	0	0	0	0	0	32.545	66.989	0	0	0	0	0	0	0	0	0	0	0	0	0	0	0	0	0	0	0	0	0	0	0	0	0	0	0	0	0	0	0	0	0	0	0	0	0	0	0	0	0	0	0	0	0	0	0	0	0	0	0	0	0	0	0	0	0	0	0	0	0	0	0	0	0	0	0	0	0	0	0	0	0	0	0	0	0	0	0	0	0	0	0	0	0	0	0	0	0	0	0	0	0	0	0	0	0	0	0	0	0	0	0	0	0	0
