0	0	0	0	0	0	0	0	0	0	0	0	0	0	0	0	0	0	0	0	0	0	0	0	0	0	0	0	0	0	0	0	0	0	0	0	0	0	0	0	0	0	0	0	0	0	0	0	0	0	0	0	0	0	0	0	0	0	0	0	0	0	0	0	0	0	0	0	0	0	0	0	0	0	0	0	0	0	0	0	0	0	0	0	0	0	0	0	0	0	0	0	0	0	0	0	0	0	0	0	0	0	0	0	0	0	0	0	0	0	0	0	0	0	0	0	0	0	0	0	0	0	0	0	0	0	0	0	0	0	0	0	0	0	0	0	0	0	0	0	0	0	0	0	0	0	0	0	0	0	0	0	0	0	0	0	0	0	0	0	0	0
0	0	0	0	0	0	0	0	0	0	0	0	0	0	0	0	0	0	0	0	0	0	0	0	0	0	0	0	0	0	0	0	0	0	0	0	0	0	0	0	0	0	0	0	0	0	0	0	0	0	0	0	0	0	0	0	0	0	0	0	0	0	0	0	0	0	0	0	0	0	0	0	0	0	0	0	0	0	0	0	0	0	0	0	0	0	0	0	0	0	0	0	0	0	0	0	0	0	0	0	0	0	0	0	0	0	0	0	0	0	0	0	0	0	0	0	0	0	0	0	0	0	0	0	0	0	0	0	0	0	0	0	0	0	0	0	0	0	0	0	0	0	0	0	0	0	0	0	0	0	0	0	0	0	0	0	0	0	0	0	0	0
0	0	0	0	0	0	0	0	0	0	0	0	0	0	0	0	0	0	0	0	0	0	0	0	0	0	0	0	0	0	0	0	0	0	0	0	0	0	0	0	0	0	0	0	0	0	0	0	0	0	0	0	0	0	0	0	0	0	0	0	0	0	0	0	0	0	0	0	0	0	0	0	0	0	0	0	0	0	0	0	0	0	0	0	0	0	0	0	0	0	0	0	0	0	0	0	0	0	0	0	0	0	0	0	0	0	0	0	0	0	0	0	0	0	0	0	0	0	0	0	0	0	0	0	0	0	0	0	0	0	0	0	0	0	0	0	0	0	0	0	0	0	0	0	0	0	0	0	0	0	0	0	0	0	0	0	0	0	0	0	0	0
0	0	0	0	0	0	0	0	0	0	0	0	0	0	0	0	0	0	0	0	0	0	0	0	0	0	0	0	0	0	0	0	0	0	0	0	0	0	0	0	0	0	0	0	0	0	0	0	0	0	0	46.178	0.000	0.000	14.061	7.339	45.309	0.000	21.093	13.095	8.608	0.000	7.287	7.765	31.978	26.151	31.506	0.000	0.000	0	0	0	0	0	0	0	0	0	0	0	0	0	0	0	0	0	0	0	0	0	0	0	0	0	0	0	0	0	0	0	0	0	0	0	0	0	0	0	0	0	0	0	0	0	0	0	0	0	0	0	0	0	0	0	0	0	0	0	0	0	0	0	0	0	0	0	0	0	0	0	0	0	0	0	0	0	0	0	0	0	0	0	0	0	0	0	0	0	0	0	0	0
0	0	0	0	0	0	0	0	0	0	0	0	0	0	0	0	0	0	0	0	0	0	0	0	0	0	0	0	0	0	0	0	0	0	0	0	0	0	0	0	0	0	0	0	0	0	0	0.000	0.908	11.853	21.223	6.916	24.601	29.094	20.789	15.217	30.852	0.000	3.312	0.000	26.660	0.000	20.848	0.000	19.195	0.364	31.843	15.722	15.259	0.000	0	0	0	0	0	0	0	0.000	0.000	0.000	2.893	13.024	25.383	0.000	0.000	0.000	0.000	0	0	0	0	0	0	0	0	0	0	0	0	0	0	0	0	0	0	0	0	0	0	0	0	0	0	0	0	0	0	0	0	0	0	0	0	0	0	0	0	0	0	0	0	0	0	0	0	0	0	0	0	0	0	0	0	0	0	0	0	0	0	0	0	0	0	0	0	0	0	0	0	0	0	0
0	0	0	0	0	0	0	0	0	0	0	0	0	0	0	0	0	0	0	0	0	0	0	0	0	0	0	0	0	0	0	0	0	0	0	0	0	0.000	27.222	30.329	5.848	0.000	21.201	0.797	32.640	23.617	9.214	28.482	3.502	43.454	22.936	19.421	2.961	0.000	0.000	12.267	15.153	19.901	10.798	0.000	16.495	22.507	44.782	18.758	12.918	13.327	16.531	0.000	12.604	0.000	24.013	0.000	0	0	0	0	11.467	1.479	5.030	0.000	4.054	24.449	0.000	7.731	31.920	27.520	26.841	19.607	0.000	19.011	0.000	0.000	0	0	0	0	0	0	0	0	0	0	0	0	0	0	0	0	0	0	0	0	0	0	0	0	0	0	0	0	0	0	0	0	0	0	0	0	0	0	0	0	0	0	0	0	0	0	0	0	0	0	0	0	0	0	0	0	0	0	0	0	0	0	0	0	0	0	0	0	0	0
0	0	0	0	0	0	0	0	0	0	0	0	0	0	0	0	0	0	0	0	0	0	0	0	0	0	0	0	0	0	0	0	42.281	15.406	0.000	20.279	13.208	3.070	19.170	0.000	0.000	0.000	21.374	1.546	8.427	0.000	29.036	7.896	16.098	47.435	19.902	7.327	19.851	6.594	17.652	7.500	22.026	12.901	14.985	0.000	20.880	16.196	59.560	64.240	10.021	13.759	10.811	0.000	18.129	13.162	13.832	11.121	9.204	0	0	0	19.687	21.846	20.937	12.939	7.137	31.321	0.000	41.645	9.129	12.462	0.000	9.793	0.000	14.869	9.571	17.454	0.000	9.612	32.075	0.000	19.744	0	0	0	0	0	0	0	0	0	0	0	0	0	0	0	0	0	0	0	0	0	0	0	0	0	0	0	0	0	0	0	0	0	0	0	0	0	0	0	0	0	0	0	0	0	0	0	0	0	0	0	0	0	0	0	0	0	0	0	0	0	0	0	0	0
0	0	0	0	0	0	0	0	0	0	0	0	0	0	0	0	0	0	0	0	0	0	0	0	0	0	0	0	0.000	38.491	0.000	36.808	43.920	17.748	6.535	18.491	13.332	1.843	1.443	36.518	7.543	29.215	0.000	13.433	19.694	18.390	0.000	22.972	31.714	0.000	5.142	11.390	26.785	3.936	8.395	10.955	16.555	18.617	21.830	9.898	0.000	0.000	4.363	0.000	27.070	21.867	27.651	11.079	14.388	7.852	15.441	0.000	0.000	0.000	0.000	20.248	28.989	31.746	17.649	21.869	22.361	22.428	18.504	4.887	5.814	1.353	0.000	0.000	28.295	34.163	0.000	0.000	6.109	4.000	17.666	22.306	0.000	14.421	2.683	0.000	15.960	0.000	24.905	0	0	0	0	0	0	0	0	0	0	0	0	0	0	0	0	0	0	0	0	0	0	0	0	0	0	0	0	0	0	0	0	0	0	0	0	0	0	0	0	0	0	0	0	0	0	0	0	0	0	0	0	0	0	0	0	0	0	0
0	0	0	0	0	0	0	0	0	0	0	0	0	0	0	0	0	0	0	0	0	0	0	0	0	53.677	31.611	2.869	42.301	8.283	9.866	28.737	24.065	11.820	7.051	11.672	3.966	1.411	25.228	5.864	6.435	0.000	1.730	9.871	9.663	16.933	23.417	2.376	13.566	9.506	0.437	0.000	0.000	0.000	29.386	0.000	4.542	19.767	0.000	0.000	9.843	0.000	18.808	3.863	3.556	27.938	0.000	33.113	7.254	0.000	27.811	32.125	1.383	24.181	21.301	7.889	0.000	2.937	0.000	16.651	10.148	14.042	0.000	21.030	7.327	0.000	14.150	13.162	10.637	20.504	29.220	22.560	4.732	11.925	12.137	18.048	8.752	21.695	4.153	36.536	26.346	5.629	12.627	0.000	14.504	18.037	0	0	0	0	0	0	0	0	0	0	0	0	0	0	0	0	0	0	0	0	0	0	0	0	0	0	0	0	0	0	0	0	0	0	0	0	0	0	0	0	0	0	0	0	0	0	0	0	0	0	0	0	0	0	0	0
0	0	0	0	0	0	0	0	0	0	0	0	0	0	0	0	0	0	0	0	0	0	37.310	2.373	25.038	0.000	0.000	18.677	13.517	10.733	19.341	16.559	20.265	5.577	0.000	0.000	0.000	26.827	0.000	6.118	31.755	22.858	0.000	18.920	24.522	10.494	17.408	4.871	11.702	8.123	22.273	9.798	40.396	2.511	13.488	41.699	9.866	30.423	0.000	14.621	5.492	9.137	0.000	18.291	16.454	0.402	8.489	0.000	7.238	0.441	23.698	16.511	11.768	22.546	5.565	21.657	0.000	0.000	0.000	19.824	0.000	15.795	20.993	0.000	1.351	17.844	0.000	2.751	4.171	19.904	0.000	19.628	21.201	18.460	0.000	12.513	4.960	34.008	7.291	33.024	0.000	18.388	13.326	15.742	18.804	5.649	17.760	14.129	0.000	22.520	0.000	0	0	0	0	0	0	0	0	0	0	0	0	0	0	0	0	0	0	0	0	0	0	0	0	0	0	0	0	0	0	0	0	0	0	0	0	0	0	0	0	0	0	0	0	0	0	0	0	0	0	0
0	0	0	0	0	0	0	0	0	0	0	0	0	0	0	0	0	0	0	0	0	0.000	1.185	31.907	0.000	23.109	6.697	0.000	29.026	0.467	5.470	28.105	25.503	1.546	16.624	18.660	0.000	21.688	14.859	11.462	0.000	22.340	2.948	4.307	12.739	18.154	21.942	17.680	7.543	24.251	23.362	19.245	17.093	0.000	7.980	2.984	14.837	1.339	14.048	4.614	22.921	4.212	9.173	5.951	18.472	0.000	13.197	10.015	13.408	19.652	1.364	6.987	0.000	5.422	6.845	8.311	4.776	8.226	0.378	16.197	0.000	1.260	3.032	5.573	0.000	0.000	15.187	20.091	0.000	8.874	23.664	4.138	30.367	7.398	0.000	9.836	6.729	2.008	30.600	30.499	0.000	16.931	11.966	0.000	0.000	27.055	15.597	18.279	0.000	0.000	4.080	1.308	0.000	0.000	0	0	0	0	0	0	0	0	0	0	0	0	0	0	0	0	0	0	0	0	0	0	0	0	0	0	0	0	0	0	0	0	0	0	0	0	0	0	0	0	0	0	0	0	0	0	0	0
0	0	0	0	0	0	0	0	0	0	0	0	0	0	0	0	0	0	0	0	7.095	13.582	0.769	3.200	17.537	1.840	13.057	25.523	1.420	0.000	31.706	0.000	10.694	0.000	17.911	24.565	13.091	22.793	19.798	11.006	4.488	0.000	16.984	25.965	27.479	25.005	12.769	0.000	18.789	0.000	11.205	19.553	5.582	4.102	4.408	0.000	21.095	25.578	0.494	3.432	25.823	10.516	2.739	6.218	29.907	0.000	11.390	13.758	0.000	18.471	9.776	2.483	21.137	11.653	17.960	20.693	14.807	14.194	13.964	16.171	5.868	15.020	0.000	16.956	23.611	18.792	33.901	7.581	10.384	9.629	35.111	21.518	0.000	18.658	13.662	22.010	11.738	2.391	2.395	16.584	36.327	17.286	0.000	22.049	21.545	15.665	18.589	27.275	25.255	0.000	2.464	19.337	24.017	9.221	13.853	8.456	23.272	69.537	0	0	0	0	0	0	0	0	0	0	0	0	0	0	0	0	0	0	0	0	0	0	0	0	0	0	0	0	0	0	0	0	0	0	0	0	0	0	0	0	0	0	0	0
0	0	0	0	0	0	0	0	0	0	0	0	0	0	0	0	0	0	0	25.791	0.000	0.000	17.835	23.495	8.083	4.657	14.865	17.860	38.047	2.699	9.761	11.020	25.232	18.776	34.290	0.000	5.633	15.596	13.278	39.932	6.065	4.013	7.100	22.302	10.921	0.000	34.050	10.842	18.928	12.124	24.845	7.629	8.503	15.707	20.465	12.251	17.244	9.302	16.535	0.000	3.124	8.254	21.551	8.348	15.568	3.330	25.724	28.602	16.423	11.339	19.063	12.827	0.000	7.160	27.600	5.747	0.000	1.855	1.353	0.512	36.228	0.000	6.887	1.250	0.000	0.000	7.553	26.129	20.351	14.501	21.823	0.000	29.822	0.530	6.434	25.972	24.759	9.253	13.083	15.770	14.825	0.000	2.694	13.723	16.650	29.473	9.701	11.133	9.410	0.000	39.275	8.186	2.404	29.530	0.000	23.655	14.838	14.847	6.102	17.199	92.946	0	0	0	0	0	0	0	0	0	0	0	0	0	0	0	0	0	0	0	0	0	0	0	0	0	0	0	0	0	0	0	0	0	0	0	0	0	0	0	0	0
0	0	0	0	0	0	0	0	0	0	0	0	0	0	0	0	0	0	15.100	0.000	6.663	0.000	34.474	0.000	29.521	23.958	16.230	0.000	17.052	4.709	21.467	9.869	19.483	16.969	34.049	5.440	10.803	14.594	15.999	0.000	10.606	22.080	0.000	8.893	12.128	14.581	8.131	9.762	12.701	23.396	0.000	23.820	22.809	25.598	1.305	10.604	0.000	22.964	17.900	18.725	17.959	2.840	0.000	22.637	18.286	0.000	0.000	0.000	19.066	13.821	15.810	15.186	9.476	12.486	0.000	9.280	4.230	30.822	13.162	0.000	24.316	13.235	28.891	22.203	0.000	1.586	0.000	1.043	0.000	15.859	21.817	0.000	10.925	29.527	18.690	4.367	11.179	0.000	1.757	0.000	1.702	13.525	4.797	0.000	10.756	1.125	8.440	26.084	17.659	14.787	0.000	12.854	46.866	1.304	32.802	24.760	15.047	0.000	2.653	10.820	0.000	0.000	9.509	5.612	0	0	0	0	0	0	0	0	0	0	0	0	0	0	0	0	0	0	0	0	0	0	0	0	0	0	0	0	0	0	0	0	0	0	0	0	0	0
0	0	0	0	0	0	0	0	0	0	0	0	0	0	0	0	0	0.000	12.637	19.240	5.445	28.907	23.863	2.476	11.410	27.968	29.061	30.413	0.000	14.549	20.699	20.526	0.000	18.315	0.000	8.207	27.698	18.021	12.920	14.715	30.341	20.824	35.181	15.711	27.604	0.000	2.497	15.375	10.155	16.418	26.790	3.980	8.876	21.268	11.943	32.646	0.000	13.767	14.639	13.906	1.250	28.404	19.840	0.000	1.800	8.224	14.911	20.412	12.212	18.583	9.884	12.330	3.999	21.386	1.295	19.106	0.000	3.907	12.387	0.000	7.529	17.131	30.526	39.104	20.214	14.941	7.937	20.629	37.903	30.954	0.000	16.872	2.053	17.153	30.790	0.000	14.928	0.570	19.288	6.054	3.501	11.633	0.000	5.664	6.704	2.382	32.191	13.298	12.564	4.071	14.182	23.812	8.649	18.313	2.461	26.710	19.704	23.258	6.984	13.739	7.124	21.872	11.671	8.784	1.416	16.407	0.000	0	0	0	0	0	0	0	0	0	0	0	0	0	0	0	0	0	0	0	0	0	0	0	0	0	0	0	0	0	0	0	0	0	0	0
0	0	0	0	0	0	0	0	0	0	0	0	0	0	0	0	26.480	13.988	0.000	8.063	0.000	0.000	8.120	18.812	12.829	0.000	9.196	10.272	0.000	6.734	19.497	17.824	20.207	9.466	8.789	1.701	0.000	12.842	13.658	24.265	0.000	30.890	21.127	21.967	6.395	7.974	21.468	7.428	24.679	21.056	8.126	0.000	0.000	7.974	5.531	0.000	11.610	21.688	0.000	6.260	18.634	0.000	8.810	0.000	0.000	2.343	17.535	13.240	0.000	4.055	15.441	30.663	18.635	17.917	9.469	6.642	0.000	0.460	15.071	10.686	6.972	2.759	30.613	6.508	8.337	0.000	0.000	8.177	16.072	0.000	0.000	16.347	3.868	24.043	30.701	27.478	23.868	16.663	0.000	2.631	20.662	6.940	0.000	13.005	10.604	34.099	32.387	23.330	0.000	14.301	16.462	1.331	0.000	0.000	12.197	0.000	7.065	23.535	5.864	0.000	0.000	11.078	28.493	19.894	6.226	15.647	17.290	0.000	0.000	6.820	0	0	0	0	0	0	0	0	0	0	0	0	0	0	0	0	0	0	0	0	0	0	0	0	0	0	0	0	0	0	0	0
0	0	0	0	0	0	0	0	0	0	0	0	0	0	0	0.000	14.779	13.888	9.893	12.683	28.365	7.406	14.220	23.502	27.356	3.802	14.812	17.962	0.000	18.506	31.489	6.276	4.043	5.999	1.762	0.000	16.052	11.663	23.048	3.997	19.533	15.217	13.048	0.000	25.873	6.251	3.671	0.000	0.000	0.000	20.280	9.286	11.676	9.279	0.000	18.706	10.623	0.000	6.501	9.241	0.000	0.000	0.000	0.000	7.728	0.000	13.013	17.013	1.460	5.461	7.585	24.273	8.769	3.397	0.000	2.863	10.664	21.498	29.113	14.306	18.071	4.688	17.174	1.695	13.092	13.670	14.323	13.343	21.423	3.694	6.543	17.551	38.074	0.000	7.753	16.723	11.914	26.449	29.652	0.000	4.127	9.345	0.000	4.524	34.074	0.000	28.200	9.897	0.000	14.310	3.814	10.427	17.604	5.120	12.330	10.893	16.276	2.759	19.690	0.000	21.980	11.325	14.223	12.498	17.357	20.866	12.371	1.734	19.577	21.852	1.988	0.000	0.000	0	0	0	0	0	0	0	0	0	0	0	0	0	0	0	0	0	0	0	0	0	0	0	0	0	0	0	0	0
0	0	0	0	0	0	0	0	0	0	0	0	0	0	0.000	23.002	30.962	34.912	18.351	13.016	27.738	24.945	16.063	0.000	48.853	15.358	37.011	0.000	13.680	0.000	0.000	18.428	0.432	10.246	0.000	0.000	10.344	0.000	4.357	0.000	18.666	2.795	17.255	3.396	0.000	12.759	23.022	0.000	5.572	8.380	5.916	12.877	12.693	6.182	0.000	3.611	0.000	4.211	4.642	25.781	3.971	11.996	23.237	4.838	9.102	9.573	10.962	16.071	0.000	0.000	4.463	0.000	7.096	0.000	9.427	9.218	15.995	19.653	13.766	18.751	5.940	40.048	6.544	11.941	9.626	0.000	0.000	4.413	4.008	6.724	17.673	21.130	7.615	18.856	8.347	8.703	9.342	29.712	13.962	23.049	23.184	15.727	19.402	17.456	11.627	0.000	25.792	15.300	6.115	0.420	3.085	3.761	21.273	16.382	0.000	0.000	32.425	22.420	24.638	2.680	3.949	0.000	2.926	17.411	15.110	11.045	5.965	14.298	12.504	25.637	19.770	11.038	13.442	0.000	13.494	26.341	0	0	0	0	0	0	0	0	0	0	0	0	0	0	0	0	0	0	0	0	0	0	0	0	0	0
0	0	0	0	0	0	0	0	0	0	0	0	0	0	11.988	13.750	0.000	0.000	6.689	16.591	0.000	10.452	7.477	9.313	3.823	11.635	13.304	27.400	6.639	17.105	8.856	38.167	10.998	25.879	1.217	19.242	27.839	11.770	12.057	18.706	23.665	18.627	12.965	2.458	0.000	0.000	0.307	0.000	12.756	20.718	3.601	10.652	4.341	1.014	0.313	0.000	2.387	10.730	15.576	0.000	0.000	12.046	21.169	9.461	8.912	16.582	10.589	0.000	0.000	22.862	3.673	0.000	12.417	10.218	29.490	5.235	1.131	7.809	7.807	1.931	8.044	7.011	11.763	0.000	5.715	32.230	0.000	0.000	8.687	0.000	15.246	5.538	24.723	11.162	26.479	17.870	18.997	14.772	12.877	10.612	0.000	0.000	3.078	24.066	9.667	17.573	3.171	9.142	3.831	4.949	20.265	14.704	0.444	29.696	31.518	4.607	4.152	32.951	6.859	25.002	2.934	12.461	17.539	5.422	0.000	16.047	1.273	12.325	27.935	18.427	19.088	23.476	9.304	9.789	20.719	0.000	20.237	5.166	26.168	53.622	0	0	0	0	0	0	0	0	0	0	0	0	0	0	0	0	0	0	0	0	0	0
0	0	0	0	0	0	0	0	0	0	0	0	0	2.551	12.227	15.743	9.989	0.000	6.475	14.423	10.374	15.499	16.216	7.924	19.092	0.000	3.093	10.433	0.000	6.189	12.054	24.951	3.333	15.836	15.645	14.938	14.282	20.955	0.000	7.060	8.390	8.678	0.000	9.300	2.796	0.000	0.000	0.297	0.000	12.288	8.039	0.000	9.132	0.000	16.967	0.000	14.588	11.290	0.000	2.098	11.955	0.000	11.376	22.398	20.699	21.987	21.551	1.045	15.426	10.676	0.000	16.927	7.663	24.740	1.704	21.380	29.970	0.000	11.577	12.803	11.229	0.000	9.912	8.412	24.934	0.000	11.316	1.145	8.575	9.223	4.117	6.751	12.811	0.000	0.000	8.123	22.850	15.225	13.287	12.375	23.032	7.424	14.095	9.546	0.000	7.448	14.599	8.871	14.994	12.996	23.489	11.886	7.760	0.000	23.520	14.316	4.224	19.185	20.785	10.696	12.672	22.513	21.840	4.383	25.117	20.933	0.000	19.197	0.000	19.733	4.426	6.821	1.340	11.213	5.434	16.747	10.836	0.000	0.000	15.061	1.971	91.674	0	0	0	0	0	0	0	0	0	0	0	0	0	0	0	0	0	0	0	0
0	0	0	0	0	0	0	0	0	0	0	0	0	17.066	27.674	10.973	23.200	14.869	0.000	0.484	0.468	14.079	4.118	13.101	10.379	10.732	26.189	17.191	19.346	0.000	10.952	0.000	0.000	2.928	20.145	0.000	10.982	8.700	6.041	3.353	8.309	9.729	7.946	6.805	6.530	0.000	0.000	12.199	6.048	4.403	3.142	0.352	26.853	0.000	7.771	6.667	4.886	0.000	9.971	0.000	0.000	10.537	0.000	0.000	25.441	0.000	20.762	0.000	0.000	16.770	12.535	23.550	0.000	9.440	14.436	2.750	0.000	5.371	21.546	16.701	0.000	0.000	0.000	7.295	7.567	6.211	0.000	17.274	20.293	0.000	14.539	4.243	14.415	3.462	10.994	0.000	0.000	5.551	5.237	14.297	0.000	1.407	34.715	10.872	4.480	0.000	33.114	1.222	21.412	0.000	5.029	0.000	29.734	0.406	13.774	12.044	6.199	6.735	10.519	0.000	0.000	12.728	21.263	0.000	6.280	0.000	23.241	8.990	13.782	5.445	13.314	0.402	13.988	0.000	16.541	0.000	0.000	15.219	13.253	11.282	0.000	3.778	5.143	0.000	0.000	0	0	0	0	0	0	0	0	0	0	0	0	0	0	0	0	0
0	0	0	0	0	0	0	0	0	0	0	0	42.872	12.919	23.568	14.244	15.300	0.000	14.084	3.315	1.901	10.531	9.045	15.459	4.553	40.013	11.177	9.857	0.000	0.000	26.831	11.229	9.870	5.818	0.000	12.425	1.305	5.631	0.000	0.299	7.483	1.760	3.419	10.781	5.013	0.000	15.732	5.921	9.118	0.000	15.113	0.000	16.388	13.396	25.870	25.172	32.527	32.289	0.000	5.761	23.708	0.000	15.897	0.000	9.735	0.000	11.512	8.689	0.000	14.159	16.653	14.674	11.710	22.112	2.544	11.252	23.470	0.000	0.000	16.327	18.285	13.626	11.338	18.623	0.000	0.899	0.000	1.407	23.626	18.238	15.026	17.256	4.832	9.061	0.000	0.000	0.000	10.163	10.945	19.996	5.359	0.323	0.000	3.404	0.000	0.000	0.000	3.864	0.000	10.285	0.000	1.523	24.109	20.042	0.000	13.443	30.934	0.000	11.654	0.000	12.469	0.000	13.526	9.708	0.000	0.000	21.248	25.541	24.451	17.588	21.995	18.520	2.624	8.388	0.000	8.694	24.113	42.734	22.450	26.249	26.072	19.962	9.316	11.220	0.000	31.161	72.621	0	0	0	0	0	0	0	0	0	0	0	0	0	0	0
0	0	0	0	0	0	0	0	0	0	0	0	11.310	0.000	5.680	0.000	7.299	0.000	20.803	12.205	13.949	10.246	0.000	20.328	8.576	5.329	23.219	6.100	14.993	23.426	15.630	0.000	0.000	0.386	6.274	0.000	6.005	10.924	9.630	5.525	16.592	10.934	11.748	0.000	0.000	14.351	6.636	17.467	22.132	17.766	27.575	27.132	19.322	36.587	31.065	20.315	4.933	8.964	0.000	27.138	9.292	12.903	26.058	5.890	10.344	19.365	22.458	0.000	1.325	13.216	6.375	18.574	0.000	11.699	9.736	14.252	0.000	35.362	20.987	11.573	17.345	0.000	0.000	13.093	10.418	6.053	3.381	8.208	20.492	16.589	9.307	5.528	4.570	0.924	0.000	17.636	0.000	19.133	12.943	0.329	0.000	9.597	0.000	0.894	5.837	11.565	0.000	12.383	19.562	7.817	15.709	14.062	5.554	20.829	6.446	16.821	13.179	0.000	24.575	9.871	0.000	0.000	3.859	0.000	14.704	0.000	0.000	27.702	0.000	0.000	16.573	1.355	6.302	2.724	19.130	17.479	9.089	0.360	0.000	12.826	0.000	13.179	12.022	13.968	22.133	13.336	8.329	5.111	0.000	0	0	0	0	0	0	0	0	0	0	0	0	0
0	0	0	0	0	0	0	0	0	0	0	0.000	16.909	41.087	30.647	26.691	13.337	13.644	16.064	10.745	23.581	13.966	0.000	0.000	18.150	0.000	15.561	6.701	16.107	6.581	15.432	13.143	11.372	9.284	0.000	0.000	11.124	14.976	10.607	15.532	8.557	20.021	9.380	36.948	0.000	10.605	19.591	16.637	18.815	5.368	17.521	14.270	16.743	0.000	0.000	19.033	28.638	21.764	16.627	28.854	3.477	25.451	11.971	12.823	1.461	5.905	6.470	0.000	2.319	0.000	11.807	11.458	0.000	11.038	4.587	9.727	10.065	11.787	16.477	0.000	1.685	10.951	0.000	6.383	0.000	11.397	17.969	12.641	2.177	19.781	4.044	8.543	0.000	16.612	13.051	0.000	13.216	11.447	0.000	0.000	5.815	11.721	16.459	5.455	0.000	0.000	18.457	0.000	9.227	8.279	8.017	0.000	0.937	11.094	11.146	0.000	7.379	4.840	11.420	9.889	12.096	16.810	3.989	4.552	14.371	0.000	9.796	16.707	7.609	26.423	24.529	0.000	6.147	16.918	0.000	13.254	1.193	17.957	10.081	42.933	16.320	15.167	0.000	12.555	30.631	19.872	19.504	11.249	10.066	26.514	14.447	47.216	0	0	0	0	0	0	0	0	0	0
0	0	0	0	0	0	0	0	0	0	0	0.000	22.930	14.819	9.312	10.684	7.761	4.964	16.001	6.455	18.636	0.000	26.322	14.913	10.166	0.000	23.899	2.504	14.151	15.081	17.698	19.649	0.000	3.055	10.679	0.000	3.531	25.068	0.000	5.964	0.460	28.862	16.740	0.000	0.000	23.037	8.069	10.940	2.426	24.936	14.915	0.000	34.951	12.020	12.861	12.570	6.653	7.666	0.000	21.819	1.686	27.551	0.000	0.000	18.150	6.540	0.000	27.605	5.474	0.000	10.464	0.000	16.812	10.845	0.000	7.947	7.657	1.324	3.354	14.579	25.183	0.000	1.343	6.205	14.037	0.000	5.319	0.000	0.000	4.606	23.273	4.811	2.968	5.445	17.874	15.906	15.224	1.937	14.398	12.199	16.470	1.672	0.000	7.748	0.000	10.179	0.000	2.596	4.595	14.644	0.000	0.865	0.000	5.271	3.338	16.248	4.206	3.285	0.387	35.122	0.000	0.000	0.000	6.272	0.000	15.228	21.371	0.000	0.000	4.831	12.709	19.004	16.653	38.129	12.325	23.803	0.000	28.657	16.062	12.170	10.654	28.698	9.647	22.068	16.096	14.354	15.799	27.297	18.469	5.059	7.349	21.429	11.572	0	0	0	0	0	0	0	0	0
0	0	0	0	0	0	0	0	0	0	0.000	21.592	0.000	0.491	0.000	24.697	0.000	2.189	9.208	5.143	15.898	15.745	33.657	2.347	24.030	0.454	31.099	1.369	2.671	16.989	5.161	13.983	0.000	0.000	14.184	2.381	0.000	16.395	19.237	31.310	0.000	15.312	35.868	0.000	15.631	0.000	6.332	1.633	8.560	12.815	18.879	20.121	18.132	26.493	13.648	17.219	23.450	17.738	9.792	21.105	0.000	19.199	13.782	0.000	21.810	13.859	4.839	5.415	0.000	0.000	5.264	0.000	19.305	12.622	20.028	10.112	0.000	11.246	5.636	9.427	7.174	17.607	15.500	14.210	13.786	15.592	0.000	3.022	12.966	0.000	13.064	17.308	17.470	10.499	5.805	11.959	10.958	17.776	7.997	26.581	21.525	25.758	26.994	14.153	18.205	25.560	10.368	22.163	15.991	0.000	6.417	0.326	17.051	13.746	0.000	8.010	0.000	8.899	19.386	3.503	0.000	6.260	4.942	6.713	0.000	16.201	7.306	15.900	0.000	10.874	8.413	11.005	6.721	10.722	14.301	12.587	11.994	0.000	21.827	26.096	0.000	13.570	20.588	37.620	0.408	10.318	7.681	11.991	4.005	25.382	10.627	23.608	24.317	0	0	0	0	0	0	0	0	0
0	0	0	0	0	0	0	0	0	0	8.802	0.000	35.240	23.142	0.000	44.405	11.789	16.203	13.739	16.139	0.000	14.722	5.588	1.613	0.000	13.926	11.101	0.000	27.529	12.695	6.875	0.000	0.000	22.078	1.052	0.000	0.000	0.000	11.767	8.431	21.471	1.957	24.066	0.000	23.466	10.919	27.032	8.135	0.472	7.836	11.776	29.124	3.054	0.000	16.647	0.000	3.776	0.000	20.115	8.431	17.197	6.468	24.384	23.687	10.654	14.837	15.740	0.000	0.000	3.924	0.000	16.213	6.016	0.000	1.301	0.000	0.000	5.506	16.877	13.178	9.813	11.613	0.000	15.363	2.957	12.560	0.965	9.711	15.313	13.224	0.000	5.821	0.000	14.965	36.403	2.843	14.714	8.181	12.494	23.972	14.847	16.310	28.572	3.540	21.369	28.831	11.977	26.212	11.859	4.536	5.530	0.000	0.000	10.034	8.130	0.000	19.965	0.000	0.000	0.000	6.606	0.000	6.415	0.000	4.952	26.588	12.777	0.000	13.487	16.933	16.099	15.842	0.000	14.919	13.152	8.334	10.003	10.512	2.305	17.878	0.000	8.930	3.864	15.386	11.941	19.909	4.166	0.000	23.579	1.470	26.236	10.329	17.426	15.209	0	0	0	0	0	0	0	0
0	0	0	0	0	0	0	0	0	0	10.543	21.397	0.000	0.492	19.122	4.173	31.039	7.816	5.223	20.028	11.448	22.735	3.566	4.912	5.255	14.617	10.828	11.413	2.220	1.264	10.033	0.000	0.000	10.656	0.000	0.000	11.951	17.848	0.520	4.746	25.302	9.397	0.000	2.055	14.549	20.918	31.590	12.611	6.430	15.416	7.006	19.220	14.594	1.296	10.634	20.235	18.248	1.904	18.378	0.000	14.441	3.596	10.868	0.000	5.773	27.875	29.857	0.000	0.000	17.579	0.000	0.000	13.940	0.000	16.014	1.404	0.000	3.490	8.462	5.260	0.000	0.000	23.958	8.256	8.638	0.000	10.467	0.000	31.553	24.478	9.149	42.633	27.434	0.000	3.893	0.000	10.799	0.000	28.159	0.485	6.065	14.460	24.387	0.000	17.093	4.357	5.558	12.646	22.984	13.386	11.396	11.572	2.961	3.791	11.539	19.215	12.288	13.639	20.156	4.795	15.490	9.571	10.180	0.000	7.251	4.171	14.909	18.547	14.253	8.318	12.609	15.024	16.650	5.893	10.789	9.490	0.000	0.000	6.562	12.675	8.121	16.842	0.000	7.040	8.892	15.594	9.309	2.749	12.627	6.060	25.773	13.910	0.000	29.801	16.640	0	0	0	0	0	0	0
0	0	0	0	0	0	0	0	0	1.298	0.000	0.000	0.000	0.000	32.280	0.000	7.705	6.389	37.815	8.096	1.492	21.269	0.000	6.238	0.000	17.232	4.318	8.384	4.965	10.087	11.254	0.000	11.125	2.186	15.324	0.000	18.391	5.962	8.983	16.604	13.699	11.337	1.524	0.000	22.338	9.272	33.759	30.014	0.000	0.000	65.236	0.000	0.000	7.993	0.000	0.000	15.932	3.019	15.348	0.000	10.867	30.861	16.821	46.088	14.603	27.694	20.112	0.000	6.896	14.121	19.174	9.773	0.000	0.000	6.968	3.845	0.000	7.730	3.539	12.199	0.000	0.000	7.457	5.915	4.341	10.238	4.962	6.193	5.785	28.863	30.435	23.352	23.739	0.000	9.955	5.969	4.972	0.000	24.472	20.778	26.783	14.704	5.334	6.171	0.000	21.180	33.318	6.361	13.797	10.378	14.734	9.722	4.592	12.814	27.204	24.278	16.581	3.613	12.696	12.865	22.603	0.000	0.000	0.000	0.000	24.647	10.693	0.000	11.486	29.672	0.000	9.203	0.404	24.746	15.181	4.640	21.980	1.486	0.000	10.115	21.848	20.307	25.328	13.921	2.567	18.548	0.000	8.330	2.451	41.071	7.197	4.478	7.562	7.020	14.813	0	0	0	0	0	0	0
0	0	0	0	0	0	0	0	12.326	16.829	21.649	0.000	0.000	8.697	22.556	2.658	0.000	0.000	19.076	11.736	26.145	17.126	15.994	20.361	0.435	0.000	20.451	0.000	13.667	0.000	0.000	0.000	0.000	0.000	19.759	0.000	36.986	0.511	9.018	0.000	0.000	0.000	1.795	26.273	7.476	0.000	79.141	0.000	128.721	55.553	48.036	19.562	19.568	41.452	6.006	19.626	6.095	0.000	0.000	23.719	4.137	12.433	8.643	13.556	0.000	15.082	20.198	5.465	25.247	0.000	16.256	15.721	8.444	0.302	13.441	5.259	6.521	7.098	17.121	8.070	0.000	3.372	8.265	0.000	0.000	5.413	0.000	1.378	6.051	31.390	0.000	17.472	12.781	11.730	12.938	0.000	1.364	6.744	26.976	0.000	12.768	25.711	0.000	22.844	0.000	11.878	6.822	13.280	11.271	15.355	30.125	0.000	20.189	23.866	7.714	10.245	0.000	11.207	0.000	9.974	3.239	3.404	12.692	13.549	9.816	30.151	0.000	15.932	0.336	22.699	3.967	4.379	37.035	2.189	6.361	0.000	0.000	10.395	0.000	9.101	0.000	10.321	13.375	18.898	7.866	14.239	13.146	3.684	24.453	20.906	8.211	0.000	0.000	0.000	14.162	39.979	0	0	0	0	0	0
0	0	0	0	0	0	0	0	129.477	10.479	0.000	10.806	30.751	17.570	0.000	9.779	21.338	17.127	7.019	0.000	21.517	13.001	8.893	5.488	2.611	1.686	0.000	6.513	0.000	5.625	0.000	4.483	2.231	11.246	18.827	6.260	8.986	0.690	22.621	23.579	6.029	13.699	29.266	18.261	18.651	24.025	24.518	33.157	1.712	17.814	24.411	6.785	14.089	5.158	19.138	14.455	7.663	7.423	6.450	8.259	11.543	8.273	17.640	22.971	0.000	16.697	28.351	18.639	10.145	0.000	12.519	9.267	2.220	6.604	0.000	12.799	3.573	0.000	7.000	0.000	7.639	0.000	6.901	0.000	4.992	0.000	4.604	14.447	10.038	19.277	23.265	13.125	6.052	19.320	11.238	7.214	6.276	20.699	17.971	4.184	0.000	24.612	14.837	10.654	1.856	4.453	8.243	29.871	4.336	1.647	1.786	0.000	6.124	23.912	16.121	30.870	0.000	6.164	10.574	3.123	8.617	0.000	9.056	0.000	5.560	9.009	3.470	11.205	17.894	9.873	9.674	9.160	22.910	11.003	26.562	0.000	22.095	9.752	9.515	6.720	0.000	13.368	10.790	8.697	13.893	0.000	8.644	1.518	0.000	1.577	8.531	8.165	8.907	28.510	23.152	12.013	0	0	0	0	0	0
0	0	0	0	0	0	0	40.717	40.589	0.000	9.818	24.892	13.255	19.709	15.992	35.818	10.349	5.869	8.917	36.634	0.000	7.232	0.000	21.366	24.407	0.000	0.000	19.744	8.472	0.000	10.545	0.000	12.281	25.750	7.128	15.391	36.221	0.000	18.534	2.237	0.343	5.584	19.277	0.000	18.147	0.000	0.000	14.028	5.206	18.258	26.094	29.825	21.724	45.113	44.955	62.661	13.462	33.377	7.061	38.194	20.603	9.177	2.729	12.275	4.617	1.348	0.000	15.889	23.467	24.725	0.000	12.160	19.616	20.343	33.751	30.837	13.685	0.446	7.766	13.287	2.883	0.000	3.573	4.556	0.000	0.000	0.000	12.984	23.376	8.078	6.463	0.000	0.000	11.421	12.763	13.180	19.986	2.885	8.054	6.457	0.000	0.000	6.906	13.072	1.545	12.986	9.796	10.671	13.153	3.304	8.637	1.255	0.000	0.000	0.000	0.000	20.180	10.520	22.640	16.850	21.487	0.000	0.000	7.945	7.611	0.000	3.018	0.000	1.329	12.025	9.657	0.365	0.000	0.000	19.184	17.975	12.859	22.115	13.832	29.188	1.152	18.603	29.098	26.474	23.579	5.463	12.564	8.322	4.226	15.334	19.488	10.174	7.258	0.000	4.933	19.404	0	0	0	0	0	0
0	0	0	0	0	0	0	17.509	19.949	12.835	19.979	22.240	0.000	8.314	7.351	15.043	14.370	7.129	4.259	14.847	21.962	13.012	5.447	12.525	15.785	17.539	16.429	28.425	0.000	0.324	3.748	9.222	10.381	0.000	16.074	17.977	0.000	7.280	12.921	4.179	5.543	11.148	19.932	38.684	49.372	4.710	12.161	16.696	5.830	25.145	35.364	31.556	32.030	10.685	1.868	37.883	41.471	38.506	35.838	23.617	26.117	18.635	8.944	3.181	12.564	11.554	22.708	0.000	8.964	19.836	12.166	10.477	27.594	18.163	0.000	11.485	5.029	15.616	0.000	11.192	16.701	12.105	16.686	2.871	17.854	0.534	10.880	32.332	6.690	19.237	0.000	1.387	0.000	15.350	1.827	8.760	0.449	3.684	25.557	7.171	24.401	31.643	0.608	4.681	6.326	0.000	2.182	11.726	10.411	0.000	0.000	23.361	13.498	17.211	14.662	25.323	5.650	29.667	24.503	19.880	0.000	23.699	0.000	10.955	3.848	0.000	10.661	10.727	3.712	23.434	0.000	11.607	20.208	10.341	0.000	14.851	0.000	0.362	9.003	10.698	0.412	0.000	1.251	6.268	18.139	33.308	10.126	26.457	13.108	24.137	12.875	10.546	11.149	19.768	16.345	30.381	11.753	0	0	0	0	0
0	0	0	0	0	0	0	0.881	10.052	11.440	13.056	3.033	7.692	15.026	5.209	22.581	0.000	2.801	7.370	17.405	15.185	9.144	7.869	4.574	9.180	25.669	13.314	0.000	8.620	13.275	0.000	0.000	0.000	18.249	11.710	21.691	43.419	21.655	2.788	6.231	9.391	6.725	26.705	38.116	6.029	10.443	0.000	2.488	5.554	18.745	19.157	18.898	30.112	43.535	32.151	40.588	31.592	27.031	32.718	40.435	30.751	39.836	23.263	34.981	10.007	0.425	15.360	24.073	28.029	0.000	12.073	19.722	0.488	24.301	8.105	0.000	15.906	16.380	9.804	11.221	13.906	23.105	6.298	24.130	22.440	11.797	23.154	2.948	6.156	25.606	22.559	0.000	10.131	28.593	6.526	29.241	36.756	40.555	33.510	44.391	43.365	11.586	34.208	21.140	24.341	17.397	6.926	17.957	0.000	15.196	13.278	0.000	4.508	16.155	30.843	0.538	35.354	14.664	0.000	25.563	27.029	17.365	0.000	2.530	3.678	8.454	4.189	8.424	2.137	3.030	9.706	8.966	0.000	11.438	13.070	1.480	34.066	13.285	21.110	11.752	13.620	21.659	21.323	6.930	16.229	3.585	12.478	14.698	7.265	7.512	0.000	1.143	37.173	2.281	20.388	24.137	2.251	0	0	0	0	0
0	0	0	0	0	0	50.749	0.000	0.000	17.243	12.216	13.777	7.153	5.099	16.830	0.000	4.572	28.687	7.003	25.392	2.003	15.497	5.354	13.140	9.124	0.000	16.529	0.000	8.621	6.805	0.000	0.000	5.426	6.715	0.000	16.260	24.981	57.024	19.223	14.442	6.017	0.000	0.000	14.091	2.107	7.667	22.871	10.820	0.000	11.419	35.846	26.042	46.906	30.940	12.837	27.952	40.617	23.653	36.881	39.242	68.622	47.448	36.996	14.635	14.256	28.942	18.294	10.008	2.885	0.000	0.000	28.107	9.869	0.000	3.158	15.680	10.966	6.972	15.334	27.986	16.056	4.562	21.397	3.810	16.952	13.045	0.419	17.512	21.495	2.974	13.148	14.312	37.037	0.000	21.095	39.288	30.280	42.624	36.995	36.289	42.149	29.235	33.307	35.586	1.230	5.818	14.113	24.869	12.158	17.031	0.000	10.995	12.362	15.490	7.160	4.369	27.083	14.836	15.363	35.528	32.929	19.796	8.451	10.384	16.560	7.497	5.521	0.000	0.000	0.000	4.750	0.000	12.184	0.000	5.151	5.039	18.871	0.000	3.763	0.000	7.668	5.263	18.522	16.725	4.809	24.727	0.000	25.492	16.497	5.969	3.851	1.467	7.448	1.885	20.406	14.542	12.173	0	0	0	0	0
0	0	0	0	0	0	0	38.562	0.000	0.000	23.507	34.421	30.680	13.600	9.989	36.749	17.553	16.644	4.481	14.095	2.843	0.000	1.957	1.385	0.000	1.634	0.000	14.978	11.221	3.718	11.800	0.000	16.530	6.391	28.205	14.447	14.978	31.495	4.541	23.325	16.908	5.189	0.000	0.000	0.000	28.794	30.116	16.130	21.354	8.786	35.186	22.713	35.335	41.063	42.553	42.565	5.017	25.070	32.171	17.953	55.967	40.831	49.603	37.628	13.927	17.799	9.521	20.508	17.124	14.131	0.000	0.000	13.119	39.731	12.920	0.000	0.000	6.125	0.000	17.425	19.064	11.973	13.725	18.766	16.828	8.294	24.881	19.155	0.000	0.000	0.000	26.466	13.930	23.170	45.407	35.969	36.738	50.492	24.688	44.867	49.626	49.874	37.531	39.171	21.685	10.337	16.631	34.953	4.198	4.649	25.869	0.000	0.456	7.553	0.000	11.233	9.874	19.171	32.811	36.827	40.006	8.991	13.496	0.000	0.483	3.965	17.756	5.675	8.104	5.389	9.443	0.328	3.425	8.499	0.000	0.000	5.193	0.000	10.975	29.068	0.000	0.000	22.013	0.000	34.556	21.117	5.463	5.353	25.787	13.365	4.217	11.690	27.313	16.218	4.912	0.000	11.513	0.000	0	0	0	0
0	0	0	0	0	0	0	9.572	18.272	34.965	1.578	12.129	17.210	0.000	1.792	0.000	0.000	31.282	23.960	0.000	0.000	0.433	11.248	6.951	5.990	7.317	6.517	17.258	3.722	8.392	1.442	24.553	10.912	18.952	1.952	15.786	6.907	41.556	19.146	20.636	22.856	31.205	4.352	33.713	0.000	58.361	25.842	30.457	33.596	31.206	39.007	24.300	31.087	15.957	14.139	16.440	26.086	19.566	32.948	25.957	18.600	53.206	24.824	30.933	45.266	45.305	14.529	9.496	18.961	0.000	25.806	0.000	12.859	12.314	3.151	0.000	32.491	6.154	21.558	24.672	18.507	17.421	7.112	2.519	14.121	10.365	0.000	13.558	4.253	4.426	8.306	23.220	30.172	25.340	61.420	29.296	29.174	52.057	33.707	22.043	43.048	41.083	59.342	40.188	8.127	38.364	27.066	25.467	17.894	10.318	12.088	20.548	20.966	19.623	32.971	30.742	4.357	22.482	35.037	38.083	9.840	7.197	19.140	4.151	0.343	13.212	0.000	34.464	13.269	0.000	0.000	6.189	14.003	0.000	3.495	0.000	2.791	0.000	4.210	4.332	20.216	0.000	34.771	15.437	3.936	0.000	4.441	0.000	0.000	6.824	9.299	0.000	25.406	0.000	2.855	9.479	8.596	0.000	0	0	0	0
0	0	0	0	0	0	18.184	13.439	3.114	21.671	2.190	4.987	0.000	9.852	11.234	0.385	15.814	10.445	10.863	20.251	0.000	39.163	22.056	0.000	17.419	3.580	1.941	22.765	14.733	6.820	0.000	7.930	20.376	0.000	31.533	0.000	26.298	17.454	7.085	31.487	39.378	28.847	20.385	23.104	40.842	0.000	90.251	37.200	16.767	22.299	20.384	0.000	21.449	0.000	21.685	16.781	34.323	11.860	16.772	26.727	19.953	24.491	18.518	36.243	52.223	56.066	26.873	31.562	15.628	18.230	0.000	17.274	14.314	8.698	36.028	0.000	23.807	9.953	13.373	4.048	20.161	8.992	19.250	18.841	6.944	6.446	7.623	10.256	8.728	19.276	9.828	16.679	26.507	42.798	27.501	44.537	39.905	38.857	38.804	32.383	23.081	29.716	12.477	29.755	1.863	6.490	35.445	41.173	38.771	17.469	26.885	39.869	41.153	31.068	20.774	16.296	23.773	36.045	10.442	31.738	18.532	22.913	16.529	3.361	8.305	0.000	2.281	35.701	10.335	9.414	3.717	6.406	15.901	4.660	12.183	3.230	0.000	8.413	13.644	29.061	0.000	0.399	19.237	7.497	2.454	11.909	28.563	2.758	5.952	17.007	3.765	13.605	10.796	18.734	15.466	11.373	35.127	7.876	37.296	0	0	0
0	0	0	0	0	0.000	14.844	0.000	27.366	30.515	38.485	16.731	16.498	22.950	0.000	39.525	34.183	20.692	28.301	0.414	14.634	6.441	15.716	13.160	21.949	0.000	2.818	0.000	0.000	0.000	0.000	0.000	5.861	9.831	27.825	0.504	33.300	42.029	34.000	18.953	31.358	17.243	24.332	14.548	2.820	14.552	6.689	0.000	19.384	8.141	13.406	14.569	11.081	10.068	16.683	12.264	7.060	12.886	13.787	0.000	24.442	26.844	6.588	48.669	27.526	49.964	37.479	38.046	54.255	23.739	0.000	0.000	13.903	6.026	19.357	0.000	0.000	8.332	0.000	13.898	9.889	15.969	12.767	7.016	20.057	0.000	15.955	17.245	10.790	10.702	45.754	16.472	5.770	13.563	39.272	16.976	22.217	13.604	37.101	22.858	26.279	26.607	19.469	8.562	12.309	16.646	25.184	28.396	0.000	25.360	10.558	0.446	18.996	21.879	31.981	26.388	36.408	20.224	0.000	15.813	19.916	0.000	0.000	2.905	8.989	14.609	11.637	0.000	20.750	12.480	13.713	1.705	26.409	6.671	5.159	0.000	0.000	0.000	0.000	0.000	2.213	8.722	6.713	6.695	26.455	0.000	24.677	19.211	3.821	0.000	18.724	21.848	0.000	6.198	4.874	16.175	29.734	12.196	19.980	0	0	0
0	0	0	0	0.000	15.861	22.064	12.452	5.222	21.949	15.262	10.261	21.133	27.724	0.000	5.314	1.974	0.000	10.738	16.821	15.607	27.132	10.224	10.821	0.000	2.715	14.373	10.334	15.635	0.000	0.000	0.000	0.000	12.516	5.449	13.296	18.655	0.000	18.428	0.000	33.086	15.595	7.348	29.138	20.580	14.029	23.156	0.000	12.867	18.987	3.938	17.591	20.852	0.000	10.598	18.598	42.209	12.993	10.917	14.394	0.000	20.938	8.403	21.935	25.153	26.736	32.770	14.252	35.762	48.121	31.718	33.801	2.684	9.053	19.837	10.246	0.000	14.098	23.781	6.877	12.460	3.381	22.044	13.550	3.587	0.000	20.317	17.937	29.454	21.607	32.503	27.267	25.948	36.753	39.588	35.227	4.452	32.942	15.555	10.888	0.000	2.806	0.000	8.182	11.527	0.000	0.000	15.907	5.050	2.048	10.876	33.739	0.000	0.000	13.877	0.000	8.954	0.000	13.612	4.213	8.859	10.118	6.298	0.000	0.000	17.512	0.000	8.623	13.940	0.000	6.876	0.000	0.000	4.853	12.567	0.000	0.000	0.000	6.268	16.105	3.842	6.482	0.000	5.582	21.289	17.052	9.565	8.298	21.138	3.920	18.895	13.084	1.829	22.629	8.667	35.995	8.870	0.000	38.660	0	0	0
0	0	0	0	10.814	24.511	10.457	17.521	9.888	4.791	36.699	6.220	13.461	22.699	15.129	9.904	25.954	0.000	0.000	0.000	0.000	21.984	14.774	19.676	0.000	13.095	0.000	21.208	4.594	0.000	1.553	11.756	5.807	10.863	0.000	0.000	25.307	0.000	0.335	13.732	16.466	18.419	0.000	0.000	0.000	6.197	2.288	1.423	12.898	0.000	22.673	12.183	18.796	13.142	0.000	16.120	14.621	0.000	12.879	4.919	21.094	1.873	14.092	6.265	17.324	57.159	19.990	18.988	11.461	32.653	32.207	53.836	24.237	29.301	1.181	0.000	0.000	11.502	8.478	0.000	24.844	0.000	10.494	11.833	0.000	20.654	0.000	7.030	44.190	0.468	47.494	25.452	30.115	9.829	5.444	0.000	8.688	0.000	11.788	2.213	17.504	0.000	0.000	9.136	27.977	0.000	8.015	19.653	0.000	9.300	0.000	6.876	5.528	15.259	2.584	0.000	8.896	11.527	0.000	22.482	0.000	2.192	16.954	8.538	16.860	0.000	0.396	10.628	0.000	0.000	6.719	16.307	0.000	13.305	0.000	11.278	0.000	14.322	13.509	3.515	20.605	0.000	3.839	6.700	0.000	0.000	25.035	21.556	22.052	18.267	1.154	16.934	13.395	0.000	4.273	3.769	13.081	28.859	9.908	0.000	0	0
0	0	0	22.953	38.832	3.297	20.244	15.671	11.539	1.944	0.000	0.000	15.379	0.532	8.840	6.202	25.289	11.057	0.000	3.547	20.990	1.140	14.711	14.340	13.293	6.934	11.766	3.315	0.000	22.782	4.629	16.227	26.421	0.000	2.017	6.369	14.791	13.782	10.370	5.007	22.080	3.806	14.378	23.017	13.487	3.439	8.365	7.358	0.000	1.400	8.227	0.000	12.499	16.040	14.407	0.000	8.207	0.000	1.117	0.000	14.546	1.384	8.962	10.873	4.616	11.406	16.288	15.238	22.613	35.070	22.624	52.047	6.392	24.404	14.473	14.703	10.167	0.000	27.281	0.000	8.341	28.074	4.825	11.574	0.000	29.955	38.154	3.972	38.627	34.540	29.229	10.123	29.511	20.783	0.000	2.318	2.956	31.632	4.705	12.181	5.086	0.000	25.010	17.229	2.769	9.418	0.000	27.698	0.000	33.417	7.446	15.985	4.915	0.000	6.780	8.983	0.000	11.325	8.140	8.273	5.515	13.832	14.741	5.589	0.333	0.000	16.356	7.490	0.000	0.000	3.441	12.614	0.000	7.760	0.000	0.000	6.168	15.369	12.308	0.000	0.000	8.506	18.483	5.330	12.845	0.000	19.399	28.585	7.666	6.947	0.000	0.000	19.066	20.667	0.000	39.059	3.061	24.099	0.000	0.000	0	0
0	0	0	0.664	15.857	10.552	0.000	29.236	0.419	0.000	27.208	1.220	0.000	21.394	22.403	0.000	31.089	0.000	10.279	15.810	16.175	0.000	6.803	0.000	6.611	0.000	0.000	0.000	4.100	12.472	14.097	10.016	20.635	21.951	8.550	0.000	0.000	13.195	2.162	4.708	0.000	0.000	12.848	15.503	10.920	6.294	7.784	1.318	4.614	0.000	2.447	19.435	8.864	25.212	19.288	0.000	29.622	1.548	3.363	14.380	21.520	9.264	0.000	0.497	0.000	2.368	3.544	10.104	13.762	21.731	4.838	0.000	10.204	23.762	8.195	16.531	3.871	24.948	2.978	0.000	39.922	10.630	14.298	14.764	4.187	0.000	20.765	20.492	29.852	6.556	1.216	5.909	9.845	7.727	1.936	18.299	14.733	16.967	4.547	12.973	22.746	10.140	7.031	10.126	3.471	7.220	0.000	0.000	3.904	17.629	21.266	13.766	2.764	4.005	4.100	0.000	0.000	0.000	9.862	8.608	3.663	0.000	2.451	0.000	9.687	16.874	17.396	14.086	0.726	18.363	15.553	20.155	13.752	7.667	0.000	1.793	0.920	0.000	7.738	0.000	16.404	17.257	11.376	5.350	0.000	0.000	2.409	24.498	6.608	0.428	1.835	18.046	0.000	0.000	9.691	46.873	16.740	13.811	0.502	10.631	0	0
0	0	0	20.910	15.448	7.638	12.213	15.716	0.000	32.279	27.366	14.796	12.823	26.919	2.856	0.000	11.525	19.983	6.678	11.728	11.720	11.667	20.381	16.475	0.000	29.107	1.081	11.480	0.000	0.000	2.443	8.445	11.930	8.727	10.078	5.249	10.923	0.000	8.696	2.138	0.000	21.286	0.000	27.766	3.391	17.527	0.000	15.245	17.250	2.648	1.490	4.234	0.000	5.828	4.969	12.569	0.000	12.710	6.256	5.401	3.746	1.497	0.000	7.506	9.935	0.000	13.968	13.443	7.465	0.000	8.789	12.908	0.000	32.320	0.000	12.287	10.091	14.277	30.184	18.082	7.586	15.699	0.000	8.115	8.541	9.191	0.000	5.392	17.913	0.000	15.557	6.255	2.612	6.645	2.641	0.000	0.442	20.553	0.000	2.753	0.000	23.256	11.983	0.000	7.257	11.409	6.096	2.478	15.601	1.394	17.059	21.082	0.000	4.192	0.000	5.369	0.000	0.000	3.695	0.000	0.000	0.000	11.585	0.000	6.206	28.388	0.000	30.933	13.180	21.728	0.000	0.000	3.170	0.000	9.757	0.000	0.000	0.000	0.000	0.000	2.106	5.588	0.000	28.790	21.507	20.886	12.951	0.000	10.612	14.003	1.385	21.962	21.628	17.027	0.000	33.331	10.753	3.988	4.835	0.000	27.117	0
0	0	45.321	28.615	14.491	0.000	0.000	16.867	14.250	5.197	0.000	8.385	28.061	0.000	0.000	1.410	0.000	0.000	14.924	12.601	3.992	2.185	0.000	6.921	7.753	11.379	0.000	0.000	9.502	0.000	18.127	6.104	13.029	17.061	9.343	0.000	1.836	8.552	19.451	1.020	15.716	3.661	0.000	5.796	6.289	0.000	3.341	0.000	7.766	1.082	4.533	10.420	21.820	26.715	5.937	17.653	5.872	0.000	5.571	15.055	21.861	7.593	0.000	22.064	16.825	9.152	37.880	1.471	16.440	34.766	0.000	0.000	28.214	8.459	4.174	10.474	11.932	0.000	6.511	23.146	0.000	12.905	3.746	3.334	19.956	3.666	18.110	16.397	0.000	0.000	6.074	11.493	0.000	14.990	12.676	7.991	5.374	14.988	0.000	0.000	2.424	0.000	0.000	0.000	11.854	5.903	12.385	14.110	11.917	4.870	8.243	0.000	8.461	3.812	6.140	0.000	12.137	17.377	10.683	6.836	2.273	0.000	19.730	8.440	8.138	8.584	5.807	0.000	0.000	0.000	2.886	1.326	5.373	21.515	0.000	5.253	2.338	11.020	0.000	18.113	6.165	0.000	10.748	23.721	4.084	0.000	10.649	6.370	15.751	0.000	0.000	5.126	4.284	9.088	4.261	7.556	14.869	11.779	0.000	0.000	18.932	0
0	0	36.363	4.874	0.000	0.000	45.332	5.107	0.000	9.924	11.535	0.000	16.847	0.000	8.115	2.762	0.000	13.030	14.385	12.610	16.310	1.918	0.000	0.000	4.639	0.000	8.517	0.000	23.167	3.686	0.000	0.000	0.000	8.300	15.180	0.000	11.747	13.461	11.092	12.049	21.600	0.000	5.747	2.401	5.802	0.000	0.000	9.004	0.000	0.000	24.497	0.000	0.000	8.748	6.868	10.941	12.540	19.904	7.168	30.480	25.138	17.010	22.290	22.247	7.803	7.153	10.787	9.099	24.630	14.239	13.211	10.998	16.552	3.778	0.000	0.000	10.493	8.105	0.000	0.000	17.771	7.186	12.233	0.000	0.000	0.000	0.308	6.297	0.000	0.000	0.000	1.455	1.866	5.130	17.547	0.000	6.558	10.597	8.745	0.000	8.560	5.238	12.222	10.384	0.000	23.179	14.964	22.787	23.800	0.000	1.484	0.000	10.805	0.000	0.000	2.340	0.000	3.856	0.000	0.000	5.164	11.033	9.382	4.396	8.456	24.616	19.057	12.578	0.000	3.489	16.359	1.282	0.000	7.033	12.153	0.000	0.000	2.368	7.895	0.000	17.805	0.000	17.325	29.157	4.165	18.854	16.570	0.000	0.000	0.000	5.893	5.554	5.595	1.295	9.455	30.476	15.871	11.611	7.263	0.000	1.857	0
0	0	0.000	0.000	11.234	0.000	0.000	0.697	20.224	17.203	12.285	7.285	0.000	1.890	13.428	7.983	15.057	13.150	18.153	18.520	0.000	1.846	8.342	0.000	16.692	11.966	7.254	3.136	6.303	0.000	1.958	3.887	14.524	27.957	0.000	0.000	12.354	0.000	0.000	17.255	2.639	12.627	9.928	0.000	5.329	20.891	0.000	8.075	0.000	0.000	10.371	1.509	24.365	0.000	15.509	18.945	4.065	13.414	0.000	0.000	18.699	11.418	27.723	17.244	11.480	12.144	9.729	10.612	1.328	0.000	4.803	2.346	0.000	0.354	22.696	0.000	0.000	18.176	30.870	16.406	22.416	8.232	6.799	0.000	7.482	5.232	11.530	3.644	14.210	11.489	24.575	0.000	1.244	16.443	4.636	0.000	4.559	21.306	15.328	11.976	0.000	16.740	0.000	0.000	30.331	13.013	0.000	14.022	18.913	1.140	0.000	12.843	5.403	2.701	9.390	24.249	8.724	21.529	10.467	11.208	4.236	4.855	9.716	12.677	13.815	0.000	0.000	6.692	1.403	5.895	0.000	0.000	0.000	16.822	0.000	19.720	0.000	9.540	0.000	12.986	0.000	21.376	7.945	0.000	19.811	31.070	10.959	9.670	10.199	25.539	0.000	20.163	0.000	24.111	3.048	6.817	6.400	19.115	7.308	19.455	5.353	0
0	0	60.367	0.000	18.436	9.153	52.291	11.286	8.158	9.885	1.064	24.049	1.601	4.474	9.557	7.878	0.000	0.000	12.791	21.625	1.199	0.000	17.083	1.141	2.596	2.230	5.688	19.343	12.867	0.000	15.069	14.130	0.000	9.363	0.000	0.000	8.661	11.169	0.000	0.000	12.086	0.000	13.140	0.000	13.246	34.557	6.708	14.890	14.666	0.000	29.949	9.986	15.192	0.000	3.289	2.375	0.000	2.242	9.692	4.598	20.463	12.456	6.962	0.000	0.000	1.916	0.000	25.612	10.096	10.765	0.000	0.353	16.904	24.712	0.000	0.000	0.000	0.000	19.073	11.425	8.616	19.173	21.769	17.766	15.463	6.910	0.000	0.000	0.000	20.804	0.000	13.012	11.629	6.789	21.206	21.784	3.542	2.107	22.874	0.000	18.137	6.790	12.596	13.801	14.358	8.626	0.000	0.000	15.039	17.995	13.188	0.000	4.586	0.000	2.090	0.000	0.000	0.000	0.000	12.041	0.000	4.453	0.000	2.438	14.826	0.000	12.425	3.079	0.000	15.940	1.311	0.000	7.155	0.000	11.215	12.628	10.066	19.237	10.071	7.876	5.953	2.196	0.000	17.635	12.644	15.366	3.624	13.906	29.893	21.470	15.718	25.709	0.000	9.890	1.723	15.693	26.573	29.568	7.529	16.072	20.699	4.737
0	0	64.004	0.000	0.460	7.043	16.509	1.687	3.286	16.400	3.746	20.908	31.225	0.000	0.000	3.659	6.491	19.703	13.760	26.495	20.988	16.673	0.000	19.348	21.817	0.000	0.000	0.000	0.000	3.976	0.000	0.000	6.478	0.000	0.000	16.242	6.406	12.561	0.000	8.371	0.000	4.905	1.972	2.697	7.793	0.000	10.750	0.000	0.000	6.583	12.655	4.304	17.640	12.047	0.419	0.000	0.000	0.000	0.000	2.557	23.116	14.479	0.000	7.717	13.526	29.452	22.808	19.469	6.821	29.498	13.759	2.923	0.000	0.328	15.677	0.000	1.598	27.088	7.100	17.586	0.000	8.492	11.172	4.212	25.265	1.522	9.916	13.776	10.591	0.000	10.194	20.493	0.000	5.640	0.000	7.689	22.918	5.043	17.880	0.000	15.475	1.170	1.100	0.000	8.509	0.000	19.060	26.687	8.329	15.080	25.166	0.380	0.000	24.261	8.560	14.052	18.116	11.219	7.049	14.646	0.000	0.000	9.005	7.025	8.539	1.229	15.579	17.431	8.722	3.247	10.360	20.393	2.987	0.000	0.405	0.000	20.241	0.000	23.659	6.065	13.049	1.917	16.620	21.644	13.228	0.000	10.392	11.059	28.714	12.151	20.793	8.607	0.000	5.865	13.266	3.077	8.058	19.385	2.693	27.297	18.765	0.000
0	0	0	26.486	39.193	51.013	15.002	0.000	16.223	14.261	4.813	20.559	0.000	19.819	0.000	3.553	9.875	0.000	0.000	6.017	21.196	10.157	10.617	2.777	0.000	7.952	8.359	0.000	15.062	5.565	14.474	8.800	0.000	0.000	12.275	5.771	15.805	12.572	14.104	8.614	0.000	0.000	9.454	27.119	11.551	16.178	0.000	0.000	1.077	10.123	4.907	2.349	13.247	13.735	6.282	24.518	0.000	32.207	0.000	5.675	0.000	16.853	0.000	10.287	0.000	13.469	0.000	4.408	13.555	0.000	23.791	0.000	1.216	24.093	0.000	15.639	2.473	19.533	14.240	4.543	19.728	12.448	0.000	15.328	2.258	3.127	14.688	3.464	0.000	5.275	10.873	1.093	0.000	26.520	13.465	4.610	7.495	12.803	7.952	0.000	0.000	6.486	6.406	0.000	8.306	0.000	6.356	8.541	0.000	15.911	0.000	7.945	7.851	8.947	8.701	2.131	0.000	0.000	0.000	0.000	0.000	0.000	0.000	20.435	5.850	0.000	7.912	0.000	0.000	23.834	0.000	5.607	0.000	1.135	28.327	2.689	0.000	0.342	15.848	5.131	0.000	0.000	11.672	10.798	27.152	17.266	20.655	23.328	21.787	6.403	6.426	8.679	0.000	28.689	0.000	0.000	9.129	23.238	35.886	15.592	0.000	0.000
0	0	8.619	2.248	8.470	1.994	35.569	25.097	7.771	29.035	0.000	21.314	16.614	15.912	6.811	5.944	20.723	5.888	0.000	16.584	20.500	0.000	31.117	10.805	0.000	0.340	9.150	0.000	11.781	15.809	0.000	0.000	0.000	27.280	0.000	0.000	11.018	18.817	0.000	0.000	7.017	7.781	0.000	0.000	7.294	3.020	6.770	14.426	0.000	3.735	0.000	0.000	1.705	11.179	0.000	8.448	25.417	8.124	1.591	7.731	5.299	12.087	7.237	10.637	27.660	13.843	14.222	20.592	24.839	0.000	0.000	0.000	5.217	3.641	22.562	8.527	4.562	0.000	21.641	25.201	10.263	11.874	5.163	34.730	12.902	0.000	8.036	0.000	15.308	19.716	3.673	25.243	16.247	0.000	0.000	9.459	9.337	6.033	0.000	0.000	10.840	9.998	6.876	4.654	8.283	22.087	9.327	14.403	12.162	22.178	21.889	0.000	25.638	11.789	0.000	0.000	3.909	0.000	4.645	11.016	0.000	6.461	17.766	1.320	0.000	0.000	0.000	0.000	12.585	8.970	15.951	3.099	1.998	0.000	8.206	24.202	20.524	21.724	0.000	13.755	3.669	0.000	0.000	23.142	0.000	0.000	2.805	8.467	0.000	23.028	32.145	8.510	5.635	0.000	9.108	25.082	22.533	5.889	15.452	28.646	0.000	5.881
0	0	31.503	7.220	0.000	30.210	41.496	0.000	0.000	11.184	8.780	0.000	12.545	22.741	45.721	11.213	0.000	16.804	18.509	10.082	0.000	15.364	6.369	0.000	11.256	0.000	27.179	0.000	0.000	13.197	6.421	0.000	0.000	9.740	0.000	23.951	17.971	0.000	1.062	10.766	2.622	19.747	21.125	24.307	8.909	7.610	0.000	0.000	4.298	1.444	10.547	1.310	1.525	16.140	13.799	22.044	13.280	12.849	11.846	16.260	0.000	0.000	3.176	14.789	11.854	10.050	10.694	3.021	0.000	32.142	0.000	22.708	0.000	0.000	27.956	6.489	4.202	13.622	11.422	6.093	3.111	19.397	11.996	0.000	13.263	0.000	10.490	1.746	17.491	0.000	0.000	0.000	5.476	0.405	0.000	16.059	4.608	19.520	10.079	0.000	12.127	16.399	5.986	0.000	2.909	8.171	2.474	4.172	0.000	14.516	21.952	9.131	25.871	7.300	0.000	0.000	0.000	29.100	3.173	7.913	0.000	6.690	1.078	7.332	0.000	0.953	26.161	0.000	0.000	0.000	19.894	15.721	2.065	0.000	5.506	10.599	0.356	12.467	0.000	0.000	2.084	0.000	1.274	23.613	20.098	7.503	37.484	17.894	8.779	19.379	9.138	9.826	0.000	8.998	4.244	26.442	6.674	18.737	30.562	0.459	17.318	0.594
0	0	0	5.275	31.958	33.312	13.771	3.102	0.000	3.553	0.000	0.000	16.209	0.000	0.000	29.410	5.827	12.936	3.121	7.298	1.269	25.353	0.000	4.495	0.000	13.106	0.000	0.000	6.406	0.000	13.934	28.430	9.249	8.274	0.000	14.793	0.000	0.000	0.000	0.000	8.624	9.978	13.425	0.000	1.805	40.962	0.000	0.000	19.486	0.000	0.000	0.000	0.000	16.406	3.088	4.453	6.668	0.000	0.405	0.000	10.858	0.000	20.785	32.835	0.000	12.397	28.961	0.000	16.653	0.000	0.000	0.526	15.136	0.363	19.184	1.371	11.567	24.257	21.856	16.916	15.531	7.429	8.445	16.087	22.951	4.807	0.000	0.000	0.000	1.155	2.264	4.090	2.770	3.819	1.521	4.779	14.662	4.876	2.395	21.209	13.901	0.000	0.000	12.084	0.000	0.000	0.000	0.000	17.101	16.982	24.088	4.742	0.000	13.088	0.000	0.000	27.115	2.989	18.875	0.000	0.000	2.707	5.459	0.000	0.000	9.660	5.369	17.436	12.747	22.657	0.000	13.159	10.069	0.000	14.890	0.000	0.000	0.000	0.000	26.486	0.377	17.859	0.828	1.360	0.000	2.515	0.000	14.474	4.189	5.019	0.000	8.329	0.000	5.948	20.914	2.159	0.000	12.575	22.791	24.742	15.112	15.462
0	0	0	58.921	3.449	35.766	20.147	0.000	5.678	6.820	20.949	9.328	16.835	54.244	8.888	23.134	0.000	4.703	0.000	0.000	0.000	5.599	0.426	13.588	11.614	20.643	0.000	0.000	2.202	10.729	5.323	2.934	1.983	0.000	0.000	10.644	0.000	7.848	0.000	4.508	4.770	1.492	0.413	0.000	0.000	0.000	0.000	0.000	15.121	23.355	0.000	4.044	26.867	16.709	14.261	16.896	0.000	8.863	15.587	6.064	0.000	7.719	6.563	0.000	0.000	4.133	2.517	25.484	3.377	3.032	12.790	15.973	0.000	20.000	11.598	15.453	18.480	3.823	23.637	24.795	2.954	0.000	7.289	24.509	16.647	0.000	0.000	2.859	9.624	20.375	11.839	6.749	0.000	2.341	26.794	12.000	7.809	0.000	12.844	0.000	8.273	0.000	0.000	14.569	16.820	0.000	0.000	7.689	5.598	0.000	16.957	17.478	5.047	9.396	0.000	11.421	25.975	1.081	6.215	0.000	1.144	2.223	0.000	0.000	23.234	11.025	6.995	0.000	6.150	3.033	0.985	0.000	0.000	8.619	22.159	10.026	0.000	18.104	0.000	1.762	6.329	1.575	0.000	27.094	12.399	16.509	3.629	17.413	17.817	21.759	9.342	12.373	8.231	6.995	7.594	26.545	29.715	2.902	12.956	19.695	26.740	14.031
0	0	0	7.825	52.270	15.022	37.005	0.000	3.834	17.419	0.000	17.649	40.547	0.000	25.454	0.000	12.543	0.000	31.839	10.799	6.629	0.000	20.083	0.000	0.000	10.514	16.836	0.000	21.332	0.000	0.000	12.884	0.000	0.000	11.396	15.211	0.000	5.951	0.000	0.000	22.722	14.112	0.000	0.000	7.498	0.000	0.000	28.260	0.000	4.412	1.975	4.814	23.681	7.940	17.503	13.159	0.000	14.706	18.417	0.000	0.000	15.875	0.000	0.000	8.353	9.698	27.719	23.024	17.405	9.883	19.226	13.007	1.407	6.846	36.432	10.942	17.302	0.000	0.000	0.000	3.278	19.806	16.809	1.863	0.000	32.494	15.496	23.437	4.411	6.635	2.669	7.816	8.444	0.000	16.511	7.800	0.000	17.353	0.000	2.240	23.799	0.000	0.000	5.276	3.486	0.000	0.000	3.607	0.000	12.969	0.000	9.295	10.230	12.119	14.021	19.284	0.000	0.000	0.000	0.000	2.735	10.886	20.693	0.000	0.000	0.000	3.706	7.371	3.526	0.000	0.000	0.000	0.000	5.981	7.448	29.286	8.329	2.701	2.609	0.000	11.375	2.792	0.000	8.086	0.000	0.000	0.000	0.000	3.337	0.000	23.847	3.449	15.160	22.765	16.718	13.399	24.809	2.850	27.198	41.777	16.777	11.218
0	0	0	33.232	25.241	18.038	0.000	7.520	13.332	16.085	7.144	16.796	0.000	0.000	15.348	0.000	14.471	15.970	17.549	0.461	19.742	1.730	0.000	19.263	24.332	0.000	11.495	4.873	6.854	2.567	13.957	0.000	0.000	13.092	2.938	20.089	8.281	0.000	6.616	0.000	6.433	5.170	1.737	5.456	0.000	0.000	0.000	27.467	11.614	0.000	14.184	12.927	1.512	16.558	0.000	9.929	9.864	16.652	12.627	8.786	0.000	0.397	7.614	0.000	39.830	17.355	24.874	0.000	10.550	4.431	30.429	3.691	5.742	12.845	11.658	0.000	9.774	1.672	1.280	16.849	12.993	19.915	9.918	0.000	10.013	0.000	5.325	10.122	7.842	2.037	12.977	17.051	15.166	3.116	11.455	6.439	2.346	2.232	11.709	2.771	4.696	18.475	0.000	0.000	0.000	19.930	1.377	1.224	0.000	0.000	27.108	0.000	0.000	20.081	0.000	0.000	17.002	8.927	2.254	6.767	8.031	0.000	0.000	0.000	0.000	0.000	0.000	0.000	14.246	0.000	0.000	2.365	0.310	18.652	0.000	0.000	16.240	5.639	27.997	16.578	15.911	0.973	4.693	5.121	2.192	15.375	4.927	13.599	6.722	9.265	23.882	19.138	28.102	15.581	22.913	18.945	21.846	33.196	0.000	12.448	0.000	14.570
0	0	0	0	5.342	14.500	2.524	7.092	7.798	32.736	3.561	41.245	0.494	0.000	28.409	0.000	0.000	16.797	0.000	4.834	24.310	15.528	0.000	12.749	18.573	0.000	0.000	16.540	14.180	11.257	0.328	0.000	3.350	0.000	0.000	0.000	13.505	11.108	0.000	0.000	0.433	7.472	0.000	0.000	2.181	26.210	26.489	14.159	8.095	17.398	13.666	0.000	23.771	8.305	25.994	10.355	5.333	0.000	6.940	0.000	10.873	21.611	5.735	25.624	29.790	7.892	18.750	37.120	0.000	18.442	0.000	15.284	7.091	20.852	17.491	27.276	0.000	0.000	17.699	3.851	17.169	27.202	0.000	11.946	9.171	0.000	14.268	0.409	0.000	0.000	8.550	16.844	0.000	0.000	0.000	18.324	3.831	4.949	0.000	19.583	0.000	11.153	16.326	5.464	13.163	0.000	16.546	0.000	3.856	2.196	6.950	23.674	12.826	19.519	3.448	28.989	16.939	0.000	7.977	1.628	12.038	0.000	0.000	4.459	9.458	0.000	21.018	18.179	0.000	3.406	0.000	1.796	0.000	0.000	10.556	10.407	0.000	0.000	0.000	10.596	0.000	0.000	19.202	18.452	11.095	27.653	1.244	0.000	8.300	20.373	0.000	28.573	21.825	13.954	7.439	5.899	13.210	14.944	21.448	22.325	17.413	7.315
0	0	0	0	0	24.563	25.290	0.000	22.712	1.460	18.602	8.721	28.618	52.566	30.866	0.000	10.705	0.000	0.000	3.456	0.000	2.893	8.708	12.447	0.000	3.892	8.999	17.463	13.667	22.551	10.308	0.000	0.000	7.077	7.157	0.000	16.277	0.000	0.000	0.000	22.668	0.000	0.000	32.399	4.695	0.000	0.000	23.771	0.000	9.647	8.552	0.000	13.489	4.988	0.000	1.571	6.060	1.672	32.697	14.789	16.231	15.393	17.274	9.605	27.983	27.594	17.213	3.948	1.456	17.033	9.348	9.046	8.683	6.486	0.000	0.000	0.000	25.857	16.582	4.415	25.618	0.000	30.950	0.000	15.355	21.197	10.930	18.105	0.000	5.699	0.000	6.096	0.000	4.325	0.000	0.000	6.687	2.748	0.000	0.000	1.366	18.236	0.000	11.995	14.272	0.000	0.000	26.413	0.000	14.837	10.349	6.999	7.008	1.485	0.000	7.019	5.230	6.025	17.591	18.285	39.454	16.228	0.000	0.000	4.694	0.000	25.537	0.000	0.000	8.117	8.701	11.857	2.819	0.000	0.000	10.053	17.527	11.383	0.000	4.157	22.651	25.942	0.000	16.686	5.619	6.549	0.000	29.690	4.789	12.799	2.784	1.650	3.774	19.076	30.003	13.659	12.587	21.256	30.722	11.736	0.000	0.000
0	0	0	0	0	0	16.397	20.665	10.358	5.549	21.790	12.018	14.481	12.433	26.953	12.543	11.791	16.003	0.000	0.000	9.631	20.697	10.533	4.196	20.940	41.587	0.000	15.722	14.982	11.855	15.262	3.273	5.111	0.000	6.703	0.000	10.425	0.000	15.601	15.191	0.352	4.836	0.000	0.000	6.309	8.997	17.554	0.000	2.257	0.000	9.440	2.932	18.957	19.698	18.522	7.773	0.415	8.927	18.344	8.184	4.418	17.243	0.000	0.000	0.000	2.576	7.511	0.000	0.000	22.249	25.326	26.974	28.114	0.000	12.618	15.351	0.000	0.000	3.972	3.028	0.000	0.000	0.000	22.044	27.025	12.503	9.920	36.150	0.000	4.760	9.826	9.854	31.184	0.000	10.630	1.232	18.877	0.000	6.447	5.456	10.321	8.937	32.788	17.892	35.320	0.000	0.000	7.268	12.811	14.020	5.499	4.800	22.968	3.902	0.000	1.479	10.827	12.003	7.198	16.242	1.216	34.113	0.432	0.000	0.000	3.601	5.645	0.000	0.000	0.000	0.872	0.000	1.900	15.396	5.770	9.695	0.000	7.700	24.606	13.329	4.205	0.000	4.550	17.405	15.774	7.002	5.588	2.411	0.000	8.203	13.290	27.161	3.722	9.273	36.773	0.517	15.688	0.000	29.756	23.563	20.635	0.000
0	0	0	0	0	19.609	29.659	7.971	35.008	6.216	20.449	0.000	26.787	7.821	24.162	10.775	4.401	0.000	0.000	11.449	0.000	1.301	14.613	0.000	11.250	27.857	22.124	14.861	0.000	25.603	29.267	0.000	3.065	3.071	16.798	0.000	10.053	0.000	0.000	0.000	8.615	13.675	14.797	7.807	0.000	0.000	22.507	14.789	1.317	14.756	3.988	0.000	3.373	0.000	0.000	4.361	0.000	7.871	13.112	12.764	15.005	0.000	0.000	1.248	17.278	0.000	9.496	30.124	0.000	1.471	0.000	0.000	18.674	27.392	14.581	7.099	18.995	10.851	0.000	33.097	19.044	13.821	0.000	0.000	8.728	2.528	11.308	20.927	18.883	1.103	13.435	0.000	4.005	27.105	0.000	6.159	14.738	33.038	6.385	0.000	24.583	16.051	12.977	15.674	0.000	7.434	0.000	0.000	0.000	12.504	15.820	10.051	0.000	8.676	4.020	20.664	0.000	2.285	6.731	22.313	6.711	9.464	30.049	0.335	25.199	2.905	3.549	1.313	10.002	7.964	29.928	0.000	0.000	0.000	6.356	9.228	13.513	15.361	9.860	2.710	16.587	13.773	7.667	0.000	21.637	22.944	0.000	0.000	15.783	30.141	5.985	15.616	17.560	26.168	1.235	24.936	0.000	31.912	28.962	7.053	5.358	0
0	0	0	0	0	41.546	0.000	0.000	23.048	1.544	0.000	18.220	0.614	4.720	8.450	27.594	5.554	14.072	9.267	16.271	0.000	9.462	5.354	9.440	0.000	0.385	4.904	2.194	6.251	27.433	6.622	0.000	15.532	2.302	5.029	8.348	2.352	0.000	10.635	2.000	0.000	22.222	16.018	14.969	0.000	0.000	17.309	0.000	20.411	26.991	0.000	19.014	0.000	0.000	20.345	2.424	17.085	0.000	18.009	0.000	12.163	10.591	3.545	8.547	0.000	23.525	1.075	4.087	18.776	10.059	7.191	0.404	27.285	16.724	0.000	4.225	13.058	1.078	3.691	0.000	23.135	21.000	0.000	0.000	0.000	0.000	5.275	0.000	0.000	17.606	0.000	4.182	0.000	6.813	15.158	7.805	0.000	0.000	0.000	0.000	0.449	8.962	0.000	2.987	26.203	0.000	1.460	4.861	0.000	0.000	1.284	14.734	12.674	12.682	6.318	17.742	14.164	19.889	23.567	1.022	11.147	26.312	0.000	18.610	0.000	7.364	0.360	7.261	14.773	17.680	0.000	1.108	7.707	1.837	27.957	2.753	24.888	17.647	0.000	0.000	0.000	11.878	7.705	0.000	27.842	4.113	30.672	14.898	6.102	17.417	15.618	16.303	9.469	24.947	21.410	21.685	6.228	20.961	2.507	20.809	0.000	0
0	0	0	0	0	0.000	42.023	3.109	8.058	0.000	3.077	23.627	7.815	17.510	0.000	0.000	10.733	5.322	21.793	18.026	10.597	15.751	12.279	14.817	16.253	13.324	15.260	0.000	14.483	0.000	28.408	2.458	11.119	3.258	2.213	1.341	3.455	0.981	10.607	3.664	0.338	9.993	0.000	0.000	0.000	5.576	8.069	8.049	1.188	3.931	0.000	10.617	27.475	13.628	7.779	18.719	0.000	24.987	11.412	0.469	10.273	10.737	0.000	32.493	0.000	11.628	0.000	18.876	0.000	0.000	1.226	11.162	0.000	0.000	29.981	21.401	0.000	5.691	5.547	0.415	7.478	17.677	15.217	2.932	20.683	0.000	24.339	0.000	14.939	20.897	0.000	4.959	0.000	22.315	1.551	2.371	13.025	13.616	0.000	0.000	2.739	9.902	0.000	0.000	0.000	1.299	22.725	0.000	18.479	0.000	27.192	1.451	8.570	0.000	1.315	19.331	9.612	21.890	0.000	0.000	14.903	0.000	0.952	0.941	0.000	4.485	0.000	0.000	0.000	7.272	7.537	0.000	0.000	0.000	0.000	0.000	5.270	15.433	7.921	0.000	13.871	13.556	0.000	3.643	3.342	0.000	11.687	15.215	0.000	15.009	20.566	15.797	4.090	0.000	2.920	31.466	13.711	5.272	4.983	17.470	18.011	0
0	0	0	0	0	26.306	16.654	31.170	8.529	0.000	10.419	20.511	0.000	0.000	9.052	37.979	29.832	0.000	15.155	13.267	15.665	15.967	0.000	0.000	5.521	0.000	14.149	6.085	0.000	13.706	16.616	2.663	5.182	2.577	6.455	1.547	0.000	0.000	13.195	0.000	12.365	10.956	28.729	4.555	18.969	0.000	16.707	6.077	28.075	12.579	14.253	0.000	3.915	0.000	14.388	8.484	9.305	0.000	23.999	3.684	1.244	17.551	14.748	21.144	15.349	0.000	17.596	4.209	0.000	12.846	2.518	10.239	16.207	0.000	11.206	9.809	14.674	0.000	0.000	37.599	13.035	15.236	0.000	0.000	0.000	16.184	10.267	0.000	0.000	16.944	0.000	5.127	0.000	7.092	11.671	6.691	0.000	20.754	9.572	11.229	0.000	12.592	6.182	35.211	0.366	13.954	0.000	0.000	0.000	0.000	0.416	10.460	0.000	16.409	10.890	0.000	1.582	11.438	12.427	18.198	4.649	0.000	3.488	0.000	14.370	3.655	8.520	8.556	0.000	1.691	0.000	8.242	13.569	7.146	7.546	17.467	0.000	25.445	6.977	5.371	0.000	8.100	0.000	17.005	21.796	21.552	10.757	10.113	6.314	21.628	9.696	0.000	13.361	0.000	9.967	2.943	5.483	46.956	4.020	12.275	17.847	0
0	0	0	0	0	49.431	23.454	9.166	29.009	2.560	14.079	41.390	0.000	37.168	0.558	0.000	10.099	0.000	10.920	8.185	40.373	0.000	8.876	11.679	2.761	19.685	30.085	16.065	15.313	27.560	16.437	44.115	16.908	7.556	0.000	0.000	0.000	0.000	1.351	0.000	23.933	13.774	4.060	2.956	16.212	6.863	3.638	5.193	35.578	14.780	15.036	6.535	0.000	0.000	0.000	3.726	13.889	10.545	0.000	11.466	0.000	1.757	0.000	0.000	0.000	0.000	5.918	7.536	10.556	0.000	0.000	0.346	4.120	8.896	20.046	17.139	14.294	0.000	25.074	1.922	16.558	31.939	0.000	0.000	1.364	0.000	17.374	0.000	8.004	0.000	6.866	22.846	12.087	34.961	6.549	0.408	2.653	12.693	0.000	13.679	13.864	14.387	7.120	20.263	20.823	6.059	0.000	0.419	18.260	0.000	11.355	0.000	0.000	8.428	0.453	0.000	11.066	12.232	10.033	10.955	0.000	0.000	0.000	4.636	0.000	3.978	21.005	15.363	13.470	17.119	4.332	23.807	0.000	7.553	9.173	23.678	3.815	0.000	12.543	10.856	7.686	0.000	5.691	13.236	20.908	16.825	0.000	30.216	0.000	26.209	23.233	0.000	7.113	17.914	0.000	20.872	0.000	27.414	0.000	5.163	30.029	0
0	0	0	0	0	0	54.236	0.000	14.306	31.151	1.531	22.981	16.251	2.099	2.008	14.311	30.656	38.525	25.538	0.000	6.937	27.835	29.225	11.902	11.028	9.394	0.000	24.338	3.873	14.672	0.000	0.000	1.685	0.000	7.296	0.000	24.135	1.476	12.311	0.000	12.355	10.915	0.000	9.776	8.280	0.000	0.000	0.000	28.297	18.458	15.535	21.372	0.000	0.386	0.000	3.900	4.329	25.980	5.336	0.000	5.719	5.528	10.391	18.950	1.268	21.966	7.958	4.819	0.000	1.457	11.897	3.526	3.426	17.996	0.000	14.380	10.046	4.490	7.085	0.000	0.000	0.000	2.982	5.558	0.000	0.000	18.428	9.644	0.000	13.568	0.000	17.271	0.000	9.996	14.090	11.655	4.674	23.063	14.585	5.811	15.197	0.000	0.000	0.000	0.000	0.000	1.163	8.091	16.943	1.633	9.663	0.000	0.000	0.000	8.360	10.501	11.606	0.000	0.000	0.000	0.000	0.000	0.000	8.261	10.527	6.841	1.359	0.000	31.562	6.247	13.399	0.000	1.906	13.469	4.351	0.000	4.253	16.871	6.681	0.000	2.459	19.486	21.907	20.706	8.577	18.574	0.000	2.935	8.189	0.000	4.432	0.000	1.377	22.413	3.416	9.208	26.949	15.521	29.645	13.447	0	0
0	0	0	0	0	0	75.304	33.366	13.976	0.000	11.644	4.577	0.559	0.000	17.495	0.000	21.110	18.118	7.432	12.002	0.000	7.712	0.000	0.000	0.000	20.940	0.000	0.000	25.281	0.000	1.527	0.000	0.282	7.327	16.620	0.368	20.150	4.730	0.000	11.380	0.000	0.000	6.095	4.793	0.000	0.000	0.000	5.880	0.000	8.928	7.342	7.986	1.792	18.322	0.000	0.400	1.366	4.429	14.181	3.791	9.492	14.910	3.807	4.547	21.850	0.000	28.259	10.279	1.490	0.392	9.933	8.880	4.122	5.407	0.000	0.000	20.581	0.000	0.000	16.126	0.000	21.287	34.412	0.000	0.000	1.695	1.708	15.457	0.000	22.661	19.074	4.793	0.000	0.000	15.390	13.071	0.000	17.317	3.359	0.000	8.333	0.000	0.000	0.000	0.000	19.457	0.000	2.251	22.010	0.000	12.846	0.000	13.507	0.000	13.951	19.449	1.490	0.000	6.687	7.034	0.000	20.540	13.670	28.058	0.000	0.000	5.309	0.000	1.142	0.000	4.965	17.647	20.066	6.701	18.678	0.964	0.000	1.542	10.016	22.671	8.676	21.151	4.399	11.531	13.350	8.794	0.000	20.456	0.451	0.000	0.000	27.075	8.144	18.235	0.000	50.034	11.704	6.920	0.000	8.745	0	0
0	0	0	0	0	0	0.000	0.000	34.647	33.528	0.470	16.352	5.499	4.548	34.434	8.353	47.794	10.010	10.543	0.554	6.406	0.000	32.996	7.977	4.383	11.807	12.046	10.342	10.683	12.313	8.311	25.560	0.000	8.898	18.173	2.766	7.027	20.578	2.186	0.000	1.292	20.989	18.242	16.579	8.206	19.095	5.906	0.000	0.000	15.329	9.388	18.669	3.514	0.000	1.461	24.260	20.572	5.590	0.000	0.000	7.814	16.310	14.958	2.644	13.959	8.060	10.875	5.246	22.577	8.220	0.000	0.000	13.487	9.346	12.619	0.000	15.460	8.446	0.431	22.025	3.772	16.620	10.957	2.732	4.536	0.000	0.000	0.000	9.772	0.000	0.000	24.148	0.000	10.737	0.000	0.000	0.000	0.000	17.372	4.373	0.000	0.000	0.000	7.700	15.188	19.593	13.078	0.000	22.111	15.009	0.000	15.246	0.000	0.408	7.136	22.798	8.503	0.000	0.000	7.233	0.000	35.811	12.666	6.180	0.000	0.000	18.476	0.000	0.000	3.269	10.255	14.130	3.380	10.246	7.028	9.729	0.000	7.011	0.000	0.000	0.000	3.055	0.000	0.000	7.332	12.480	0.000	16.864	18.345	22.395	15.229	0.000	19.115	2.201	20.311	21.800	24.086	11.965	30.146	0.000	0	0
0	0	0	0	0	0	0	37.383	0.000	0.000	28.672	0.000	12.767	0.000	12.845	0.000	17.670	0.509	10.543	10.424	8.691	9.915	20.199	0.000	10.132	1.158	0.000	0.000	0.000	16.944	15.127	24.822	12.565	6.052	2.950	0.000	1.052	23.249	9.346	0.000	11.288	0.000	6.847	0.000	0.000	0.000	0.000	4.527	3.859	0.000	6.349	13.152	7.448	12.628	5.726	1.627	10.813	0.000	4.279	8.114	1.363	0.000	11.482	0.453	0.000	0.000	8.395	2.521	0.000	3.510	0.000	3.972	10.099	21.080	0.000	7.325	0.000	6.158	25.976	22.570	26.702	22.132	19.689	6.357	0.000	5.679	1.637	7.806	0.000	13.281	2.618	0.000	7.468	14.147	8.807	0.363	24.763	24.662	25.279	0.000	17.721	9.519	0.000	23.986	0.000	0.000	7.201	0.000	9.366	11.033	0.000	9.441	24.695	0.000	0.000	0.000	21.334	0.000	0.000	6.998	24.171	7.277	0.000	0.000	8.150	5.979	5.850	5.500	17.023	2.094	14.456	14.631	0.000	10.958	11.414	4.018	10.591	37.609	0.000	2.873	0.000	24.076	0.474	0.000	0.000	40.822	31.093	26.503	32.824	14.439	11.940	0.000	4.696	0.000	24.143	16.034	0.000	18.590	6.761	0	0	0
0	0	0	0	0	0	0.000	0.000	9.879	0.000	7.207	0.000	24.911	41.629	0.000	21.740	11.552	18.677	17.945	21.838	25.945	19.858	16.039	0.378	8.979	11.713	12.489	20.269	0.000	2.108	19.940	16.115	23.544	17.669	0.000	0.000	6.330	2.079	2.189	1.211	9.129	9.693	12.188	11.053	11.446	1.237	0.000	6.401	8.869	14.047	5.085	11.824	23.992	25.733	1.262	0.000	6.516	0.000	1.241	6.190	28.280	8.037	9.480	8.783	12.827	9.968	0.000	0.000	0.000	0.000	8.544	0.432	0.000	17.699	0.000	17.003	0.000	7.634	7.075	26.670	15.112	5.836	8.897	6.581	0.000	19.370	0.000	13.488	15.277	0.000	16.077	13.906	25.652	0.000	7.469	6.642	0.000	0.000	0.000	8.530	22.130	3.773	2.917	2.673	0.000	0.399	26.462	8.629	9.171	16.694	0.000	0.000	0.000	9.123	5.721	8.066	0.000	0.000	9.007	10.990	19.917	0.000	10.757	0.000	1.946	0.000	9.289	8.316	16.031	0.000	10.342	7.640	0.000	10.351	12.734	7.618	0.000	4.675	36.295	0.000	10.240	27.074	9.148	7.322	0.000	10.776	27.130	16.171	4.809	25.834	7.074	4.323	15.239	12.250	17.770	15.792	22.928	16.562	2.181	0	0	0
0	0	0	0	0	0	17.913	0.000	13.830	29.256	18.508	0.000	3.799	13.973	29.061	6.442	25.903	34.899	0.000	0.532	7.428	20.641	0.000	0.000	0.000	0.000	3.239	17.565	4.255	15.589	5.226	36.854	14.205	26.751	10.980	0.000	6.743	25.888	0.000	17.861	0.000	20.449	5.163	10.188	8.413	8.871	0.000	0.000	0.000	9.377	0.000	16.810	4.617	0.000	0.000	13.047	13.504	7.777	17.857	0.000	12.950	0.000	15.285	4.002	17.363	9.670	10.562	15.774	11.849	14.959	16.062	0.000	9.195	2.254	14.574	0.000	6.558	6.740	18.177	18.434	11.062	2.567	33.630	6.645	21.461	0.000	20.453	9.364	0.372	0.000	0.000	7.924	0.000	5.212	11.915	8.399	8.489	0.000	0.000	0.000	11.366	26.818	5.737	10.189	16.600	13.565	0.000	0.000	25.400	4.945	0.000	30.968	1.431	0.000	7.456	0.000	0.000	5.597	24.807	0.000	4.537	22.842	12.172	4.654	9.283	0.000	0.000	5.333	9.828	18.443	7.570	0.000	6.187	14.119	0.000	1.859	0.000	8.904	0.000	31.021	0.000	13.985	8.172	13.034	35.566	17.692	20.978	12.572	10.246	14.266	10.881	5.287	7.900	8.478	0.000	0.000	1.403	18.359	2.011	0	0	0
0	0	0	0	0	0	0	0	15.730	28.217	0.000	0.000	28.915	29.197	27.652	18.032	51.524	4.506	22.197	22.163	22.080	22.891	4.246	36.847	0.000	27.301	22.337	1.231	1.662	0.000	1.731	16.328	7.684	22.458	8.541	12.752	10.675	2.980	12.564	16.160	1.102	10.416	0.000	0.000	10.724	7.679	2.232	0.000	0.000	0.000	3.134	9.058	18.223	0.000	0.000	0.000	0.000	5.702	15.148	18.022	3.567	11.909	16.505	2.305	22.686	13.736	11.794	23.984	0.000	5.323	9.237	7.755	3.770	7.734	7.597	21.921	22.939	5.584	7.138	5.249	2.775	11.822	7.522	0.000	5.930	18.176	4.720	0.000	0.000	26.430	0.000	0.000	1.293	2.454	1.211	5.544	0.000	9.905	0.000	8.146	8.162	0.000	26.793	4.760	5.185	19.536	9.996	12.910	8.868	0.000	0.000	17.885	15.374	0.000	5.263	0.000	14.608	1.571	5.904	27.480	3.949	5.329	10.644	6.140	11.154	2.477	9.795	2.312	2.899	0.000	0.000	0.000	27.406	0.000	5.270	10.912	3.144	1.331	0.000	16.306	25.304	13.896	14.514	18.300	0.000	32.916	0.000	11.373	15.284	21.564	18.194	21.166	24.758	19.498	13.007	26.085	3.340	12.172	3.491	0	0	0
0	0	0	0	0	0	0	0	0	9.799	16.655	19.768	3.342	27.992	17.707	0.679	27.144	19.851	9.906	29.960	13.862	11.057	10.363	27.288	10.979	3.986	7.076	4.384	9.210	0.000	16.535	10.488	9.608	10.064	13.843	16.403	6.015	0.000	21.089	29.519	29.976	20.776	28.769	2.946	9.588	9.041	19.015	9.746	0.000	0.000	0.000	0.000	5.467	9.315	2.897	10.447	11.944	3.814	1.326	9.841	17.095	10.499	12.010	19.207	11.054	0.000	14.514	9.586	9.089	13.887	0.000	3.638	32.899	11.387	19.516	6.654	16.651	0.000	1.257	9.076	3.761	8.687	5.546	7.927	27.642	17.516	11.242	11.651	0.000	17.747	6.944	0.000	1.249	15.812	8.798	7.730	27.165	0.000	14.067	18.616	13.037	10.893	0.000	0.000	0.000	17.637	3.549	0.000	7.791	39.768	14.533	4.125	9.328	14.361	0.996	11.464	0.000	21.186	14.432	0.000	17.540	12.419	9.496	14.102	0.000	7.718	6.266	13.199	0.000	1.783	21.703	18.039	27.700	18.848	22.419	23.408	5.637	5.313	0.000	0.000	16.979	21.076	1.311	3.217	0.000	25.548	22.846	27.944	7.581	12.884	25.644	25.165	27.914	32.576	22.773	16.980	8.921	12.519	0.000	0	0	0
0	0	0	0	0	0	0	0	0	0	26.520	24.946	27.149	13.074	14.484	28.591	13.466	31.973	0.000	14.343	30.384	15.086	40.054	25.378	20.760	16.227	4.315	0.000	12.532	0.000	38.247	5.197	4.915	14.516	0.428	4.370	4.326	20.255	7.017	2.816	15.517	0.000	0.000	0.000	7.959	3.306	7.794	7.927	0.000	1.879	22.062	6.267	22.066	0.340	0.371	10.020	3.941	19.234	0.000	10.975	0.000	0.000	0.375	0.000	0.000	10.936	28.261	4.578	18.024	2.988	10.178	12.474	5.682	19.224	3.666	25.174	3.464	0.000	19.530	7.755	2.948	17.286	0.000	6.159	18.350	4.452	8.428	9.485	12.086	0.000	0.000	9.266	9.854	4.659	0.407	12.940	11.391	4.031	2.429	0.000	12.409	21.521	0.000	0.000	4.966	2.229	10.838	0.000	7.645	0.000	2.324	12.792	0.000	0.000	8.086	0.000	0.000	0.000	0.000	0.000	3.364	10.798	0.000	0.000	16.520	25.019	0.000	9.397	0.000	0.000	19.308	0.000	36.292	25.861	0.000	24.525	2.701	17.272	0.000	14.868	12.978	10.740	0.000	22.755	39.724	11.034	12.976	23.029	28.192	1.727	12.893	15.620	40.061	31.843	10.045	11.360	28.106	23.534	60.759	0	0	0
0	0	0	0	0	0	0	0	0	0	0.000	30.286	24.038	18.103	12.186	2.843	34.962	0.000	23.661	11.597	19.399	11.082	25.263	11.789	0.000	8.480	25.593	13.633	25.282	22.496	6.896	26.143	21.801	33.616	0.000	0.000	4.977	14.770	0.000	11.398	13.673	22.233	0.000	2.100	4.794	15.230	0.000	20.026	7.824	0.000	13.572	1.155	0.000	12.934	9.026	3.328	8.353	2.257	5.238	14.397	4.666	17.728	18.552	8.436	2.997	0.000	0.000	1.831	4.687	10.943	13.125	10.308	9.424	0.000	7.749	0.000	22.757	3.286	0.000	7.613	8.977	0.000	0.000	25.062	26.071	3.269	6.902	8.274	0.000	24.546	0.000	6.110	9.139	0.000	0.000	14.223	0.000	10.556	18.206	0.000	18.350	5.865	10.945	4.961	0.000	0.000	24.144	0.000	3.509	0.000	0.000	19.415	5.097	0.000	4.734	9.298	0.000	13.497	8.263	8.477	0.000	21.655	3.082	16.202	2.441	24.425	0.000	12.258	0.000	0.000	2.692	0.000	11.243	10.820	30.526	0.000	15.922	11.133	32.379	6.603	28.443	16.007	0.000	9.116	4.113	3.868	37.276	0.000	18.517	14.865	33.273	25.214	19.015	31.843	14.037	29.720	9.321	6.677	13.547	0	0	0
0	0	0	0	0	0	0	0	0	0	0	39.384	40.628	28.066	17.604	19.616	25.439	25.100	18.810	0.000	18.930	17.890	18.494	20.707	8.876	19.768	12.759	8.485	37.638	14.254	9.137	24.519	20.949	16.779	34.399	5.943	26.295	0.000	5.836	6.703	8.401	1.585	9.987	0.000	13.704	4.317	16.231	5.871	12.307	2.558	3.670	5.979	14.877	0.000	0.000	10.253	2.049	7.265	0.000	8.789	1.693	0.000	0.000	0.000	0.000	0.000	1.220	4.852	6.565	19.401	10.101	1.817	0.000	2.484	14.390	16.345	7.321	2.220	4.724	6.426	10.276	0.000	10.503	14.426	0.000	25.623	3.062	0.000	13.313	22.646	3.730	29.650	0.000	0.000	3.070	16.293	8.530	8.367	5.007	4.182	7.309	15.781	14.274	4.119	5.263	0.000	0.000	8.868	7.192	12.786	12.577	6.174	0.000	17.925	0.000	0.000	0.000	0.000	12.142	0.000	5.534	5.496	10.213	9.182	8.367	3.050	0.000	0.000	23.686	23.810	12.956	8.442	13.022	19.447	34.988	13.298	0.000	10.983	4.973	1.509	20.476	3.761	0.000	0.000	0.000	5.606	17.379	3.079	0.000	0.000	0.000	16.855	15.143	24.007	22.965	27.183	6.295	3.511	0	0	0	0
0	0	0	0	0	0	0	0	0	0	0	34.819	14.047	14.152	21.048	43.896	10.923	24.876	11.770	28.365	20.099	16.470	0.485	1.577	4.441	16.157	3.020	0.000	9.217	0.000	10.955	0.000	0.000	71.684	0.000	4.373	19.670	0.000	16.297	20.341	5.636	0.000	8.840	9.130	11.551	0.000	0.928	5.568	17.146	5.086	14.210	10.096	0.000	25.164	0.000	0.000	0.000	5.903	0.000	16.751	0.000	3.279	18.968	18.714	9.812	4.070	6.528	0.000	7.712	6.251	22.279	13.279	12.860	8.359	0.000	3.204	6.397	31.769	0.000	13.002	0.439	0.000	10.796	20.988	17.897	21.701	16.646	9.003	8.093	0.000	11.652	0.000	16.347	4.811	19.257	10.082	15.290	10.761	22.222	12.922	8.633	9.086	5.590	0.000	28.716	4.737	7.289	0.000	8.484	0.000	10.889	0.000	4.083	19.305	2.748	1.532	1.471	14.847	1.573	0.000	8.576	0.000	0.000	21.318	6.771	5.677	9.943	8.483	10.450	23.120	35.406	25.717	0.000	21.206	4.927	0.000	18.313	15.191	4.940	36.138	14.947	17.777	10.563	14.676	0.000	0.000	29.441	42.628	2.008	37.974	5.213	18.090	28.688	21.748	30.915	6.710	20.147	0.000	0	0	0	0
0	0	0	0	0	0	0	0	0	0	0	35.524	15.095	9.966	13.274	19.555	16.234	20.159	19.659	5.621	0.000	28.068	35.323	8.561	0.000	0.000	2.885	3.705	15.112	9.023	0.000	33.634	5.938	0.000	14.564	0.000	6.613	8.289	0.000	4.467	49.604	23.818	0.000	4.035	9.824	29.694	24.223	1.399	12.068	0.000	18.821	6.731	18.407	0.000	0.000	0.000	0.000	32.317	3.772	13.923	35.133	4.673	21.943	18.841	6.355	15.796	8.700	0.000	8.957	0.000	0.000	6.891	18.740	7.114	3.241	12.607	16.160	18.225	27.548	16.362	0.000	15.128	4.322	10.092	23.724	3.051	3.241	2.853	33.484	13.432	5.056	4.056	15.425	10.894	25.839	0.000	4.560	24.569	12.029	12.809	4.462	6.100	7.608	0.000	2.593	19.088	0.000	5.663	0.000	2.248	0.000	0.000	0.000	0.000	11.466	13.007	24.580	0.000	12.743	6.256	6.394	19.810	16.740	6.314	12.559	0.000	22.755	45.616	0.000	20.981	13.145	39.325	26.736	19.065	19.055	3.242	8.671	0.000	0.000	34.037	16.910	33.372	7.242	0.000	0.000	34.187	19.632	4.169	29.431	25.592	0.000	20.465	8.640	23.723	15.345	8.388	30.469	15.841	0	0	0	0
0	0	0	0	0	0	0	0	0	0	0	0.000	14.982	3.353	28.149	0.000	45.468	6.273	20.479	23.443	17.010	6.011	30.454	17.719	0.000	0.000	31.255	15.602	24.223	18.023	12.028	14.332	16.252	4.907	1.942	22.017	19.283	17.597	16.080	26.910	0.000	0.000	18.906	11.150	4.501	10.042	3.780	13.092	0.000	18.430	3.266	11.173	0.000	12.058	0.000	0.000	12.981	5.691	5.833	0.000	5.488	1.144	0.000	9.612	11.482	9.766	9.090	0.478	0.000	10.468	0.000	0.000	12.882	17.002	8.611	13.279	15.039	0.000	9.592	37.000	15.954	30.778	15.618	26.253	1.276	0.000	20.961	20.375	6.776	0.000	0.000	2.685	14.544	0.000	7.518	17.073	0.510	1.693	25.794	9.174	8.056	0.000	15.464	4.926	12.095	0.000	0.000	34.534	0.000	5.300	3.673	0.000	12.126	1.942	7.572	6.757	2.614	11.849	0.000	14.357	0.000	11.451	23.103	0.000	13.938	50.763	15.259	40.160	33.362	14.493	7.149	17.081	7.408	27.770	22.513	3.286	0.000	0.000	8.275	7.021	11.673	1.934	19.709	10.870	0.000	41.300	15.253	18.379	0.000	2.013	22.706	0.000	17.769	11.359	37.342	29.598	19.996	5.494	0	0	0	0
0	0	0	0	0	0	0	0	0	0	0	0	3.027	12.909	19.862	12.302	5.830	0.000	0.000	0.000	0.000	0.539	39.665	8.110	25.599	27.889	27.717	29.853	20.697	6.386	0.000	14.354	1.824	0.000	10.969	11.868	26.279	0.000	36.069	13.060	12.181	16.797	2.692	14.413	0.000	28.004	0.000	4.381	16.366	0.000	8.746	3.460	0.000	5.483	0.000	20.730	20.744	2.634	0.000	29.394	0.000	8.402	0.000	9.877	16.636	0.000	16.205	18.163	0.000	13.693	11.694	8.557	21.357	2.466	13.290	5.915	13.392	15.789	0.000	16.337	0.000	2.446	14.356	0.000	19.395	0.000	0.000	9.519	0.000	8.295	6.780	11.699	12.310	3.754	8.780	2.485	10.958	7.123	21.142	17.817	0.000	9.448	4.275	7.482	0.000	0.441	18.921	10.248	7.576	4.890	0.000	7.096	2.000	0.000	3.747	15.860	0.000	10.764	15.631	11.843	0.000	0.000	0.000	52.106	11.706	0.000	4.824	22.009	0.000	14.049	16.617	26.913	1.563	0.000	24.989	1.559	17.763	7.159	7.375	0.000	8.529	0.000	6.143	0.000	0.000	4.010	21.270	16.614	0.000	9.012	15.372	19.674	0.000	7.435	11.288	21.722	0.000	0	0	0	0	0
0	0	0	0	0	0	0	0	0	0	0	0	19.119	15.224	15.112	35.873	21.033	17.708	8.468	29.998	34.124	26.923	47.134	15.959	26.253	30.381	0.000	12.374	0.000	4.259	9.158	8.842	5.353	22.545	0.000	18.445	12.174	11.761	22.546	8.311	5.142	26.865	49.136	0.000	9.914	4.671	0.000	0.000	22.710	0.000	21.131	7.819	16.484	16.575	6.205	0.000	2.670	6.387	0.000	0.000	6.616	5.427	18.771	27.820	0.000	20.305	1.744	8.714	4.209	1.709	27.038	0.000	33.518	0.000	8.669	0.000	15.061	24.571	17.797	6.472	5.140	8.296	14.265	22.568	10.358	21.649	6.807	14.234	0.000	2.196	8.019	4.736	0.000	4.997	37.567	20.552	30.259	6.260	28.320	9.618	8.231	11.071	16.519	15.713	1.413	0.000	11.072	15.268	8.054	28.279	10.330	0.000	9.436	0.000	18.192	0.000	7.620	40.913	19.219	2.740	0.000	4.009	3.911	8.997	24.330	0.000	17.298	0.000	12.004	22.987	0.000	14.415	13.179	9.103	0.000	16.482	0.000	1.293	3.003	13.954	3.198	1.714	5.308	13.794	15.472	7.929	18.632	5.052	43.128	0.000	3.313	9.999	9.203	24.560	36.290	34.727	0.000	0	0	0	0	0
0	0	0	0	0	0	0	0	0	0	0	0	11.152	17.468	45.891	9.994	24.142	9.533	22.430	28.666	3.714	57.823	23.161	6.694	11.208	21.810	0.446	0.000	10.411	4.772	0.000	6.763	0.000	0.000	6.283	18.090	35.942	11.900	20.560	39.838	19.181	10.650	33.282	21.621	3.243	21.229	5.299	0.000	7.197	9.844	0.000	0.000	7.293	0.000	5.542	0.000	15.034	10.880	5.046	0.000	0.000	8.758	6.360	4.399	16.207	10.782	0.000	0.000	11.121	9.628	17.593	12.627	12.955	0.512	6.832	0.000	31.081	33.240	8.581	17.071	8.284	30.048	0.000	0.000	0.000	4.810	6.041	23.870	6.208	18.440	0.000	2.879	8.797	14.958	17.679	0.000	0.000	7.497	0.000	14.706	6.659	20.367	17.514	0.000	11.017	3.535	0.000	13.692	0.000	16.453	0.000	0.000	7.508	4.695	17.634	2.608	14.890	6.785	19.446	21.362	27.269	34.038	14.516	0.000	0.000	4.264	8.700	17.767	15.853	8.197	14.480	3.599	33.707	39.344	6.247	23.941	11.703	9.540	0.000	12.757	16.324	19.155	22.411	19.398	15.206	28.094	14.417	32.995	2.677	21.156	26.511	13.237	4.699	6.751	18.091	0.000	25.890	0	0	0	0	0
0	0	0	0	0	0	0	0	0	0	0	0	0.000	0.000	14.142	31.483	28.357	41.735	35.106	15.375	22.706	16.344	13.543	0.000	5.556	3.424	16.775	15.349	0.000	6.382	10.627	5.239	0.000	23.170	23.629	4.745	5.722	2.773	6.339	17.359	9.361	8.728	4.153	0.000	3.143	17.591	13.205	0.000	0.000	14.757	0.000	0.000	9.418	26.446	12.722	23.954	5.364	0.000	12.603	1.301	0.000	8.786	5.140	14.249	0.000	28.343	8.287	0.000	6.982	0.000	0.000	0.000	23.272	0.000	15.403	14.013	15.984	16.888	15.338	32.372	8.075	10.164	16.900	16.252	0.000	26.313	14.040	9.895	30.793	1.143	5.931	11.812	22.315	12.634	0.000	28.425	0.000	0.000	0.000	0.000	0.000	8.031	14.574	13.217	11.559	2.554	5.823	13.783	7.170	4.890	22.064	11.989	0.000	0.000	1.216	10.704	8.483	16.700	27.145	7.394	37.539	19.434	23.222	34.013	0.000	16.723	21.080	0.000	14.718	0.000	16.172	10.053	10.373	0.000	0.000	19.611	0.000	25.470	5.495	0.000	5.979	5.374	7.517	0.000	14.665	20.153	0.000	20.815	29.749	18.898	15.363	14.013	15.159	21.241	1.377	18.280	0	0	0	0	0	0
0	0	0	0	0	0	0	0	0	0	0	0	0	18.730	0.000	25.480	22.804	9.617	17.891	27.663	31.472	17.116	11.896	24.825	10.042	19.554	29.957	2.267	27.927	31.664	24.109	11.065	35.789	28.648	21.361	0.000	22.889	22.666	26.050	32.506	16.934	22.733	0.612	12.473	4.356	33.160	0.000	29.441	9.633	28.653	18.924	0.000	1.289	12.682	0.000	0.000	0.000	0.000	14.223	13.672	0.000	11.965	0.000	4.201	23.950	0.000	20.878	0.000	13.892	14.264	0.000	3.929	0.000	9.004	9.622	19.952	13.161	6.517	34.104	34.350	3.258	1.354	0.000	23.664	0.000	1.480	11.034	6.825	6.052	1.672	24.955	0.000	1.256	12.528	0.000	4.908	0.000	4.948	15.875	2.584	3.990	9.968	11.686	23.015	9.041	6.357	12.517	1.197	0.000	20.395	0.000	7.703	22.565	0.000	0.000	21.202	25.217	7.238	39.717	0.000	60.118	0.000	0.000	26.318	4.086	0.000	5.104	0.000	21.523	14.089	5.510	10.669	18.436	9.300	0.000	15.109	21.139	33.305	2.457	0.000	14.797	4.580	17.023	20.721	18.388	0.000	4.871	2.943	16.547	1.745	9.811	17.035	30.661	5.143	17.138	6.784	0	0	0	0	0	0
0	0	0	0	0	0	0	0	0	0	0	0	0	16.667	6.001	0.000	51.981	34.514	15.995	19.945	9.409	15.805	15.864	3.158	34.777	8.227	0.000	5.017	36.724	16.896	2.056	22.454	9.749	22.596	0.000	6.141	3.068	5.410	0.000	6.422	0.000	1.583	0.000	16.617	13.256	10.271	16.889	1.400	13.404	24.101	8.102	22.783	0.000	2.588	0.000	0.000	18.641	2.832	3.566	28.668	2.515	5.373	0.000	3.951	3.396	9.122	9.779	18.006	0.000	0.000	7.671	10.095	6.314	14.287	4.228	20.790	6.108	15.643	0.000	3.312	17.540	8.049	3.764	13.811	25.929	11.029	19.201	0.000	0.000	3.398	2.154	26.230	11.718	19.028	3.006	14.466	0.000	3.659	0.000	28.752	10.111	0.000	3.857	0.000	9.455	0.000	25.633	15.763	0.000	0.000	0.000	10.905	0.000	0.000	0.000	16.443	0.000	6.285	0.000	11.795	16.069	15.665	29.516	4.332	0.000	9.459	0.000	17.001	0.000	23.036	25.697	14.310	0.000	0.000	1.900	7.586	14.869	5.041	0.000	0.000	4.807	37.076	9.760	36.061	20.369	21.536	23.051	42.906	17.285	12.718	0.000	0.000	4.582	3.341	17.291	0	0	0	0	0	0	0
0	0	0	0	0	0	0	0	0	0	0	0	0	0.000	14.540	15.768	0.000	15.595	20.337	1.870	24.251	11.535	12.749	6.182	0.000	42.027	0.000	14.755	26.501	0.000	0.000	11.403	0.000	25.182	11.701	8.249	23.565	0.000	6.382	14.202	27.367	21.070	4.624	35.209	39.235	12.319	6.038	10.710	3.721	11.095	2.947	0.000	25.034	5.698	0.000	0.000	19.520	0.000	32.441	35.183	2.895	0.000	1.243	0.000	12.050	10.483	8.611	7.583	16.757	0.000	0.000	0.000	0.000	0.000	15.954	2.871	0.000	8.760	22.958	16.429	7.869	7.761	16.624	7.941	2.976	1.458	32.621	27.241	4.676	9.179	7.104	24.884	0.000	19.673	2.567	0.000	2.076	0.000	0.000	0.470	15.798	0.000	1.278	2.377	9.364	5.859	7.941	22.857	0.000	0.000	22.411	30.481	4.779	21.408	0.000	3.465	9.650	34.484	17.831	14.981	19.413	25.373	10.361	11.774	11.852	4.675	3.289	26.576	18.346	0.000	6.822	4.065	6.118	0.000	15.607	13.431	14.365	8.152	1.364	5.943	27.309	8.905	19.036	0.000	8.619	27.438	3.983	10.321	26.135	5.268	38.946	3.294	3.547	25.427	0.000	0	0	0	0	0	0	0
0	0	0	0	0	0	0	0	0	0	0	0	0	0	0.000	7.974	24.740	27.434	29.864	14.382	24.347	0.000	16.606	23.154	1.601	18.965	38.487	20.385	19.642	6.568	13.975	29.213	5.705	10.777	11.102	0.000	7.095	5.529	3.936	4.056	21.095	12.734	12.035	12.135	2.889	4.071	0.000	24.087	9.209	10.459	15.796	12.355	0.000	24.527	0.431	0.000	22.608	0.000	5.757	1.686	0.000	20.242	24.012	5.224	6.373	2.424	0.000	0.000	13.662	6.418	5.441	0.357	2.194	13.608	0.000	2.226	7.106	5.308	5.664	0.000	18.696	0.000	22.818	14.724	5.135	0.000	17.553	0.000	16.344	8.066	17.561	10.393	0.000	2.487	0.000	4.925	22.006	0.000	4.465	16.712	9.715	9.733	25.539	20.051	2.389	0.000	2.347	7.160	5.495	15.975	0.000	0.000	31.836	5.049	9.319	0.000	14.495	0.000	22.170	17.257	24.179	0.000	24.719	10.988	27.027	0.000	0.461	15.606	0.000	17.757	17.763	14.825	16.729	19.924	0.000	0.000	0.000	26.413	12.049	32.502	1.189	19.012	0.000	31.852	17.716	29.833	22.625	34.474	13.577	0.000	32.996	0.000	4.384	19.284	0	0	0	0	0	0	0	0
0	0	0	0	0	0	0	0	0	0	0	0	0	0	0	0.000	5.994	4.662	3.662	12.602	3.543	18.778	25.326	11.015	35.439	3.030	0.000	10.459	11.513	18.779	31.545	3.823	6.873	36.058	0.000	38.573	23.554	5.184	16.270	20.812	28.092	24.439	0.452	10.346	19.513	2.940	0.000	10.269	16.582	0.000	2.124	33.475	0.000	0.000	4.850	9.101	6.235	4.067	17.948	0.000	15.404	0.000	41.876	0.000	7.850	0.000	0.000	0.000	0.000	1.498	22.688	2.421	13.683	2.703	5.810	21.990	0.000	0.000	0.000	0.000	13.357	11.116	9.530	44.025	14.563	0.000	10.636	20.867	20.995	1.756	6.553	0.000	12.224	11.344	9.857	0.000	6.491	9.060	5.278	0.000	8.402	0.000	36.782	8.181	19.643	0.000	15.649	6.059	6.413	5.201	27.329	32.867	4.871	28.548	10.432	12.957	18.607	9.233	24.310	0.000	0.000	12.916	0.000	6.495	17.214	19.903	26.691	50.116	23.452	4.291	6.127	24.763	8.755	0.000	8.955	15.908	2.444	16.861	20.970	0.000	41.675	20.155	28.232	13.342	0.000	27.017	0.450	27.235	27.713	1.917	14.152	7.385	0.000	0	0	0	0	0	0	0	0	0
0	0	0	0	0	0	0	0	0	0	0	0	0	0	0	59.820	0.000	25.010	18.262	22.056	0.000	10.971	15.212	8.559	33.065	0.000	30.899	21.616	18.973	0.000	0.000	19.271	32.569	5.052	0.000	0.000	18.286	10.035	27.601	9.689	28.060	0.000	0.000	4.565	0.000	0.000	0.000	5.258	11.164	0.000	24.799	33.099	1.858	7.918	8.810	6.634	12.866	11.826	18.025	10.641	0.000	1.448	4.632	0.000	0.000	0.000	19.884	2.827	0.000	0.000	35.930	0.000	11.760	13.696	9.256	7.758	14.356	0.000	23.387	4.973	0.000	6.927	16.863	8.983	9.755	18.906	0.000	5.204	0.000	2.593	19.398	7.484	7.798	15.174	24.533	17.040	18.454	8.770	12.112	18.347	0.000	1.745	7.643	0.000	10.255	24.066	0.000	4.019	5.499	0.000	15.279	8.412	24.444	20.782	9.331	15.185	13.715	11.599	22.356	22.373	11.020	19.802	13.525	20.358	39.797	0.000	5.029	12.758	0.000	0.000	15.748	14.844	24.647	32.433	20.772	4.060	38.499	10.066	8.207	44.395	32.100	22.188	1.590	9.744	13.096	17.511	30.468	20.470	23.176	0.520	19.058	16.891	33.775	0	0	0	0	0	0	0	0	0
0	0	0	0	0	0	0	0	0	0	0	0	0	0	0	0	2.570	21.174	10.235	1.885	26.473	0.515	33.748	36.290	17.583	28.506	41.025	7.423	16.018	16.837	0.000	3.393	16.264	0.000	16.111	16.314	0.000	9.593	0.000	22.579	0.000	22.646	0.000	5.783	9.173	1.357	13.602	12.984	0.000	0.000	34.431	9.920	19.567	19.500	0.000	35.527	12.339	10.097	0.956	7.716	0.000	9.369	6.985	0.000	8.550	0.000	4.245	0.000	0.000	0.000	15.420	24.727	11.768	6.416	22.885	0.000	9.897	28.020	5.271	14.741	7.798	23.899	27.223	4.765	0.000	22.453	18.490	0.000	0.000	9.186	1.908	16.942	12.068	13.780	8.853	15.508	1.041	16.047	4.429	0.000	7.535	16.196	39.707	7.138	11.853	15.001	5.591	19.169	2.312	2.598	0.000	9.033	0.000	18.374	6.204	12.128	0.000	0.000	31.875	0.511	0.000	27.204	0.000	29.629	1.725	9.898	0.000	23.086	18.059	0.000	0.000	32.022	17.732	31.994	17.525	25.492	0.000	11.222	36.665	24.997	4.590	14.902	34.829	33.436	25.287	40.482	10.407	0.493	21.496	22.742	11.945	9.349	0	0	0	0	0	0	0	0	0	0
0	0	0	0	0	0	0	0	0	0	0	0	0	0	0	0	0.000	6.252	24.218	0.000	29.845	1.936	15.227	0.000	5.645	25.031	24.594	8.439	26.992	0.000	1.300	19.469	13.177	16.166	7.490	0.000	32.600	0.000	7.288	10.923	0.000	14.206	0.000	0.000	0.000	9.696	27.594	0.000	20.858	18.895	23.501	2.976	11.600	30.203	14.612	0.000	9.433	38.432	9.358	20.720	3.482	0.325	10.066	1.169	3.994	12.143	25.237	0.000	0.000	0.000	5.024	0.000	0.000	14.206	2.746	12.727	24.710	0.000	11.690	8.401	22.719	11.894	0.000	10.534	0.000	0.000	11.821	26.174	14.758	18.280	0.000	0.000	6.305	33.369	0.000	0.000	3.864	5.668	7.165	0.000	0.000	22.858	28.906	0.000	11.916	11.997	33.049	0.000	0.000	17.352	19.886	20.659	22.840	0.000	0.000	5.861	8.987	12.298	17.269	2.694	0.000	20.815	0.000	19.552	0.000	16.520	45.267	11.683	0.000	18.786	17.930	16.349	13.881	0.417	27.826	0.000	10.887	17.909	18.305	0.000	0.000	10.223	51.558	17.503	10.045	10.087	18.877	26.127	7.516	10.824	20.661	0	0	0	0	0	0	0	0	0	0	0
0	0	0	0	0	0	0	0	0	0	0	0	0	0	0	0	0	14.368	0.000	0.000	4.653	5.603	10.198	11.665	0.000	15.614	0.000	32.020	14.098	2.338	3.480	0.000	26.807	0.481	0.000	29.093	30.548	14.586	4.110	0.000	7.061	12.401	30.088	1.662	27.800	18.986	15.943	12.293	4.231	0.000	4.618	46.171	2.794	0.000	13.732	0.000	7.934	0.437	18.024	11.653	0.416	4.099	16.306	12.540	4.930	23.000	0.000	7.985	36.658	0.000	6.831	23.040	0.000	10.314	0.000	1.435	9.905	18.644	16.705	0.000	14.951	11.255	19.386	0.000	16.821	36.222	24.910	23.661	13.324	0.000	16.026	0.000	0.000	13.843	17.136	0.000	18.241	0.000	8.561	12.228	0.000	0.000	29.046	4.087	24.117	9.863	1.044	22.556	12.013	0.000	3.040	0.000	0.000	0.000	0.000	4.431	0.000	3.815	19.724	17.352	5.798	0.000	24.878	16.545	17.430	26.887	0.000	9.479	12.787	0.000	16.427	0.000	2.485	29.172	13.667	23.256	20.200	18.461	20.741	35.815	19.850	14.762	36.631	3.444	6.301	19.970	8.679	0.000	16.358	17.821	0	0	0	0	0	0	0	0	0	0	0	0
0	0	0	0	0	0	0	0	0	0	0	0	0	0	0	0	0	0	0.000	11.581	27.613	8.748	1.924	5.112	23.315	0.000	27.447	11.811	0.000	10.225	24.474	0.000	0.000	25.472	25.265	4.031	0.000	24.066	0.000	0.000	10.640	4.328	27.729	20.454	20.998	15.943	20.133	0.000	0.000	10.530	34.425	32.342	0.000	20.325	16.101	0.000	5.636	8.539	11.879	3.938	1.688	4.232	12.817	0.000	8.559	0.000	31.112	0.000	16.531	17.303	0.000	17.704	2.387	14.113	3.470	0.463	0.000	22.756	0.000	28.424	0.000	0.000	0.000	11.332	0.535	15.747	4.120	3.686	6.489	34.003	0.000	0.000	13.621	5.884	20.414	5.358	23.227	15.594	0.000	7.633	6.668	16.361	3.783	5.238	12.981	4.083	0.000	13.963	0.000	3.073	0.000	24.193	14.363	0.000	5.664	1.216	12.644	10.664	32.240	0.393	13.949	1.403	0.000	1.214	9.229	0.000	21.499	19.641	38.339	17.943	25.213	0.375	10.521	3.396	12.806	18.467	23.249	10.419	3.523	38.673	10.649	25.987	10.960	7.627	27.354	8.219	25.138	0.000	0	0	0	0	0	0	0	0	0	0	0	0	0	0
0	0	0	0	0	0	0	0	0	0	0	0	0	0	0	0	0	0	0	15.208	18.559	29.553	30.066	9.182	10.728	23.247	18.037	28.178	29.733	18.521	0.000	19.946	30.676	25.505	18.128	0.000	2.382	24.696	0.000	11.770	0.000	15.185	37.101	13.886	11.979	14.798	1.739	14.609	13.206	21.707	20.818	26.348	0.000	0.000	0.000	18.555	33.152	17.414	22.482	18.272	0.000	7.869	0.000	7.004	0.000	0.000	9.023	0.000	0.000	40.830	10.604	0.000	13.008	1.629	15.507	2.976	7.777	18.924	2.081	2.444	29.886	17.197	20.562	16.598	32.038	15.010	11.700	0.000	5.026	17.247	2.648	16.651	6.603	3.767	14.659	10.370	0.000	7.986	13.197	8.670	33.140	8.700	2.867	30.595	0.000	6.690	7.453	0.000	7.550	3.359	0.000	16.754	4.095	0.000	12.079	0.452	10.589	11.584	15.764	24.691	0.000	0.000	0.000	0.000	13.332	0.000	16.522	0.000	17.455	10.114	30.443	17.262	1.569	1.346	0.000	43.278	16.831	11.277	20.531	16.205	12.036	17.965	6.417	17.367	23.443	0.000	0	0	0	0	0	0	0	0	0	0	0	0	0	0	0	0
0	0	0	0	0	0	0	0	0	0	0	0	0	0	0	0	0	0	0	0	2.841	0.000	0.000	0.000	0.000	28.042	23.351	33.734	21.649	15.053	17.557	38.814	28.959	13.935	44.051	6.598	0.000	1.751	1.578	5.877	0.000	40.340	0.000	0.000	20.766	0.000	0.000	13.262	27.919	6.101	52.352	0.479	32.350	20.883	15.703	2.307	0.000	15.132	4.168	11.969	0.000	10.870	9.986	12.952	7.636	0.000	16.709	21.047	3.344	22.135	8.086	4.993	12.231	5.259	9.723	0.000	10.292	10.426	0.000	3.870	22.255	10.782	5.788	0.000	18.835	30.170	0.000	9.297	41.885	0.000	30.919	5.625	0.000	15.048	0.000	0.000	14.078	5.730	2.959	0.000	12.797	0.000	10.323	20.629	1.616	8.029	13.462	0.000	14.261	0.000	16.774	8.896	6.017	4.251	17.972	3.498	5.554	20.094	0.000	0.000	0.000	22.725	13.111	10.554	16.399	18.935	0.000	26.811	18.633	12.476	25.656	12.799	35.071	29.213	0.000	45.245	20.677	30.386	20.141	25.801	17.384	4.222	0.000	2.954	0	0	0	0	0	0	0	0	0	0	0	0	0	0	0	0	0	0
0	0	0	0	0	0	0	0	0	0	0	0	0	0	0	0	0	0	0	0	0	0.857	0.000	0.000	15.086	33.505	1.788	16.375	19.394	0.000	10.969	0.000	8.329	22.831	30.408	22.351	0.000	19.859	21.372	9.229	20.348	23.505	0.000	0.000	12.868	9.375	19.902	43.141	26.276	7.602	0.000	14.130	4.911	37.168	30.291	6.376	5.918	4.102	9.824	22.487	5.646	3.306	9.029	7.663	0.000	13.544	14.858	0.000	23.231	0.000	0.000	0.000	0.429	18.504	3.989	0.000	0.000	28.730	0.000	8.445	18.948	9.089	0.000	19.013	18.051	0.000	0.000	9.881	22.116	12.856	10.784	0.000	7.931	11.842	0.000	15.435	13.916	0.000	13.415	16.453	19.897	19.374	27.360	0.391	10.349	9.584	12.397	0.282	19.667	2.421	17.153	25.363	13.871	13.448	1.502	15.039	4.744	3.895	0.000	17.141	28.447	0.000	25.897	29.980	30.489	19.497	27.443	19.294	16.436	6.524	12.847	18.600	21.169	13.932	12.914	6.497	27.536	13.850	5.469	28.988	0.000	0	0	0	0	0	0	0	0	0	0	0	0	0	0	0	0	0	0	0	0	0
0	0	0	0	0	0	0	0	0	0	0	0	0	0	0	0	0	0	0	0	0	0	0.000	0.000	3.469	10.747	21.972	21.048	25.519	0.000	13.487	21.995	9.011	9.166	21.464	0.000	0.471	23.568	33.221	0.000	2.366	17.395	32.214	27.312	19.323	0.364	1.460	2.151	0.000	3.649	0.000	6.080	0.000	18.075	51.679	0.000	0.000	30.654	20.559	0.000	6.373	0.000	0.000	10.734	10.203	9.036	4.339	2.096	12.284	22.011	12.194	0.000	8.232	0.000	25.351	27.014	14.539	12.707	0.000	24.076	0.000	3.516	0.000	2.551	14.618	20.035	26.030	17.970	2.795	13.100	5.984	7.597	7.963	15.482	0.000	0.000	6.553	16.664	0.000	0.000	0.000	17.291	20.372	5.554	16.266	0.000	13.838	0.000	11.284	13.382	23.936	10.832	0.000	12.930	0.000	19.583	21.613	20.654	16.418	14.999	8.283	19.640	0.313	26.484	9.467	12.892	1.587	13.302	28.527	14.487	9.478	9.313	13.672	7.101	2.641	4.019	9.418	12.703	12.284	0	0	0	0	0	0	0	0	0	0	0	0	0	0	0	0	0	0	0	0	0	0	0
0	0	0	0	0	0	0	0	0	0	0	0	0	0	0	0	0	0	0	0	0	0	0	0	233.213	18.806	18.376	20.158	24.078	24.043	0.586	8.837	8.711	18.453	14.797	10.551	18.468	13.271	30.465	8.140	35.097	0.000	4.415	7.893	11.802	13.229	2.018	0.000	16.773	1.934	8.489	0.000	0.000	30.918	14.007	0.000	0.000	22.807	21.592	3.493	0.000	0.000	0.000	11.190	9.609	11.951	13.570	2.145	2.940	3.514	24.653	18.118	4.350	0.000	21.076	1.802	14.333	25.803	8.851	3.693	23.972	23.045	2.796	0.000	12.616	8.321	0.485	2.596	6.268	16.497	0.000	0.000	0.000	8.622	0.000	22.382	0.000	0.000	8.193	31.107	0.000	13.374	10.543	5.150	12.134	0.000	11.507	12.777	15.312	20.796	29.033	10.747	20.361	29.433	12.364	11.163	24.966	11.960	22.663	14.842	9.927	5.919	13.305	14.319	19.718	13.756	0.929	8.307	20.707	5.751	17.552	14.620	23.779	7.715	15.641	3.406	30.809	0.000	0	0	0	0	0	0	0	0	0	0	0	0	0	0	0	0	0	0	0	0	0	0	0	0
0	0	0	0	0	0	0	0	0	0	0	0	0	0	0	0	0	0	0	0	0	0	0	0	0	20.615	20.370	0.000	4.206	4.401	23.089	3.474	21.153	44.404	19.293	14.518	13.944	11.752	8.714	27.034	9.044	0.000	9.884	24.199	11.008	19.712	2.844	16.946	28.139	25.185	14.325	2.172	0.000	2.281	18.988	35.849	21.350	15.196	16.909	22.364	30.235	0.529	12.784	0.331	2.189	3.889	0.000	19.938	0.000	0.000	0.000	15.721	13.517	2.886	0.000	15.447	22.840	17.776	15.747	5.625	0.000	0.000	22.100	6.177	15.068	14.015	16.260	13.934	0.000	0.000	11.959	21.076	7.176	19.504	6.332	0.000	14.704	0.000	3.379	7.186	0.000	0.000	0.000	7.448	0.000	14.654	3.500	11.752	18.569	9.830	9.952	11.796	19.797	8.336	21.996	16.549	7.225	28.716	0.000	3.239	17.388	7.703	14.461	0.000	5.795	24.383	0.000	40.403	0.000	6.718	7.474	20.891	0	0	0	0	0	0	0	0	0	0	0	0	0	0	0	0	0	0	0	0	0	0	0	0	0	0	0	0	0	0
0	0	0	0	0	0	0	0	0	0	0	0	0	0	0	0	0	0	0	0	0	0	0	0	0	0	0	0.000	7.046	14.403	10.674	23.141	15.598	23.178	25.995	0.000	12.930	3.436	6.436	9.221	24.624	14.036	7.590	20.526	0.000	15.369	27.505	8.158	13.435	7.331	26.220	13.886	0.000	16.838	0.000	17.549	8.347	0.000	0.000	0.000	20.367	8.947	4.457	13.625	0.000	20.510	13.807	5.023	3.776	12.014	0.000	9.543	16.707	0.000	12.412	18.695	3.554	31.032	3.632	11.752	9.691	0.000	10.226	0.000	0.214	16.721	8.193	0.000	0.000	14.126	9.474	0.000	1.065	15.100	7.912	17.195	0.000	14.194	0.000	1.592	0.000	14.714	0.000	12.097	0.000	4.348	11.170	0.000	0.000	0.000	14.952	18.058	10.338	21.508	4.045	0.000	3.770	24.638	49.831	7.052	11.919	0.000	0	0	0	0	0	0	0	0	0	0	0	0	0	0	0	0	0	0	0	0	0	0	0	0	0	0	0	0	0	0	0	0	0	0	0	0	0	0	0	0
0	0	0	0	0	0	0	0	0	0	0	0	0	0	0	0	0	0	0	0	0	0	0	0	0	0	0	0	0.000	0.000	6.285	1.359	6.625	31.673	13.424	0.000	24.887	21.879	25.495	23.074	0.000	28.945	19.332	8.027	20.437	14.263	16.912	14.826	0.000	24.076	21.282	16.107	21.862	3.329	4.378	0.000	7.699	10.346	19.772	0.451	3.965	10.824	5.656	0.000	10.664	0.000	0.000	11.736	0.902	9.929	3.163	0.000	0.000	5.677	0.000	0.000	10.524	14.299	12.540	5.622	4.120	6.274	19.561	0.227	30.805	7.476	8.689	5.781	7.532	15.175	2.605	2.312	2.503	8.190	11.187	22.087	7.232	2.534	11.292	18.147	16.113	15.389	21.179	28.960	20.518	25.865	9.371	0.000	7.888	16.104	13.224	0.000	0.000	0	0	0	0	0	0	0	0	0	0	0	0	0	0	0	0	0	0	0	0	0	0	0	0	0	0	0	0	0	0	0	0	0	0	0	0	0	0	0	0	0	0	0	0	0	0	0	0	0
0	0	0	0	0	0	0	0	0	0	0	0	0	0	0	0	0	0	0	0	0	0	0	0	0	0	0	0	0	71.362	3.888	42.452	0.453	20.443	11.140	14.127	21.918	5.407	6.410	22.426	11.824	22.294	24.921	4.779	17.578	8.608	14.534	17.515	0.324	27.925	8.477	11.046	0.000	7.693	24.482	6.021	14.395	0.000	5.782	4.040	27.012	0.000	20.168	34.501	19.653	13.070	0.000	11.677	11.676	0.000	5.041	3.482	17.130	0.000	7.336	8.155	8.817	0.000	0.000	0.000	4.937	14.984	0.000	22.843	10.976	0.000	17.502	17.398	0.000	19.941	0.000	20.085	1.246	0.000	26.328	7.629	0.000	0.000	10.224	7.420	0.000	91.662	79.579	0	0	0	0	0	0	0	0	0	0	0	0	0	0	0	0	0	0	0	0	0	0	0	0	0	0	0	0	0	0	0	0	0	0	0	0	0	0	0	0	0	0	0	0	0	0	0	0	0	0	0	0	0	0	0	0	0	0	0
0	0	0	0	0	0	0	0	0	0	0	0	0	0	0	0	0	0	0	0	0	0	0	0	0	0	0	0	0	0	0	0	0	0.000	19.374	14.908	0.854	8.695	25.200	5.981	0.000	0.324	1.177	9.052	0.000	6.870	20.186	3.947	26.690	15.686	11.400	21.164	5.368	1.967	0.000	28.587	2.906	6.992	26.986	17.950	33.728	19.922	18.672	9.084	8.555	14.191	12.706	11.635	8.009	27.169	14.499	8.422	10.718	14.494	8.376	23.231	11.096	24.549	5.327	60.005	0.000	7.318	0.000	12.412	26.839	0.000	18.061	0	0	0	0	0	0.000	0.000	0.000	0	0	0	0	0	0	0	0	0	0	0	0	0	0	0	0	0	0	0	0	0	0	0	0	0	0	0	0	0	0	0	0	0	0	0	0	0	0	0	0	0	0	0	0	0	0	0	0	0	0	0	0	0	0	0	0	0	0	0	0	0	0	0	0	0	0	0
0	0	0	0	0	0	0	0	0	0	0	0	0	0	0	0	0	0	0	0	0	0	0	0	0	0	0	0	0	0	0	0	0	0	0	0	0	0	0	0	0	0	0	0	96.165	20.125	10.131	23.383	2.193	19.152	6.069	0.000	0.000	12.349	12.703	30.247	7.160	0.000	17.538	8.728	0.000	40.064	18.981	0	0	0	0	0	0	0	0	0	0	0	0	0	0	0	0	0	0	0	0	0	0	0	0	0	0	0	0	0	0	0	0	0	0	0	0	0	0	0	0	0	0	0	0	0	0	0	0	0	0	0	0	0	0	0	0	0	0	0	0	0	0	0	0	0	0	0	0	0	0	0	0	0	0	0	0	0	0	0	0	0	0	0	0	0	0	0	0	0	0	0	0	0	0	0	0	0	0	0
0	0	0	0	0	0	0	0	0	0	0	0	0	0	0	0	0	0	0	0	0	0	0	0	0	0	0	0	0	0	0	0	0	0	0	0	0	0	0	0	0	0	0	0	0	0	0	0	0	0	0	0	0	0	0.000	0.000	0	0	0	0	0	0	0	0	0	0	0	0	0	0	0	0	0	0	0	0	0	0	0	0	0	0	0	0	0	0	0	0	0	0	0	0	0	0	0	0	0	0	0	0	0	0	0	0	0	0	0	0	0	0	0	0	0	0	0	0	0	0	0	0	0	0	0	0	0	0	0	0	0	0	0	0	0	0	0	0	0	0	0	0	0	0	0	0	0	0	0	0	0	0	0	0	0	0	0	0	0	0	0	0	0	0
