820,765,714,778,818,780,690,729,735,807,782,775,784,699,451,447,446,398,443,381,347,414,371,360,358,373,384,327,324,335,284,335,363,274,248,198,129,95,60,32,29,27,19,18,19,8,22,13,24,5,13,27,17,30,19,1,13,23,18,19,25,14,26,17,5,7,7,3,18,6,9,31,26,18,23,17,12,18,15,26,18,30,9,49,10,13,24,10,20,33,24,12,13,11,14,30,14,2,10,35,11,17,11,37,26,6,0,8,23,25,22,13,11,21,41,14,26,43,12,3,26,9,12,28,6,17,10,10,36,16,10,0,12,10,17,16,14,30,11,9,36,44,70,94,167,220,269,369,373,353,372,371,336,377,366,451,325,368,356,450,322,391
850,651,808,834,703,762,698,746,754,760,648,783,684,572,497,470,437,457,443,436,439,413,321,357,381,338,373,315,384,345,368,363,323,315,193,149,55,48,42,14,39,22,9,2,12,13,17,20,0,1,12,12,12,8,26,8,11,30,21,0,3,14,14,9,23,7,16,18,9,3,7,19,12,0,29,6,22,25,20,17,14,18,14,0,20,37,15,9,12,4,32,12,3,26,22,16,13,20,16,15,16,17,26,12,14,15,19,1,6,24,12,5,26,10,15,6,17,8,4,16,2,15,16,16,33,8,0,11,20,3,14,26,5,13,31,12,4,10,4,19,20,27,87,73,155,210,266,275,318,375,359,312,347,388,426,412,379,367,392,383,452,412
665,839,766,677,843,708,731,787,725,655,750,805,642,457,449,465,362,448,393,417,412,392,361,411,351,357,306,317,314,392,309,286,247,174,120,87,39,19,26,0,29,10,6,13,21,6,17,23,17,8,19,24,5,39,33,30,34,22,29,19,44,41,43,23,24,39,19,16,15,0,14,0,14,15,33,0,0,2,5,22,27,18,26,0,23,12,26,6,7,12,23,13,33,2,15,15,6,17,7,38,11,7,27,21,6,8,27,0,25,10,42,31,32,15,1,3,1,10,24,21,14,23,25,7,16,16,19,28,13,7,8,10,16,11,19,4,38,12,6,15,15,0,42,21,60,121,167,257,328,259,344,383,293,315,340,330,439,450,413,405,354,399
721,832,820,794,707,716,709,773,810,735,799,695,471,410,466,411,380,435,458,475,415,398,432,384,351,427,379,318,338,408,369,201,128,81,39,53,13,11,14,13,24,9,19,18,28,14,16,12,24,17,148,401,726,1147,1564,1597,1359,1637,1980,1335,2446,2564,2328,2285,2385,1721,1598,1679,698,61,15,10,6,1,18,0,8,39,20,126,75,53,17,0,15,0,5,27,14,8,16,15,22,13,39,15,26,16,2,19,8,6,19,20,14,12,23,14,18,18,20,28,14,18,19,28,0,37,0,5,13,14,0,7,26,2,7,7,16,16,9,21,15,25,17,0,15,5,29,18,7,0,22,8,33,69,99,128,192,262,330,332,390,362,324,333,425,413,345,485,333,461
740,715,739,822,716,751,703,795,770,719,715,494,378,482,397,423,482,459,424,445,479,376,342,360,414,417,359,350,303,288,206,124,49,28,0,9,28,10,18,6,38,32,19,27,31,55,183,615,1352,2204,3078,3390,3575,3482,3581,3628,3277,3523,4942,3619,3797,4405,4433,4237,3983,3973,3887,3925,4460,2155,165,4,15,8,0,21,53,332,1507,3050,2903,2158,1899,1371,1013,300,239,63,27,49,19,24,12,10,24,3,10,18,31,23,1,27,26,28,16,19,26,33,10,19,10,17,7,6,10,26,22,7,8,31,0,14,25,12,1,26,16,12,16,25,21,13,2,12,24,24,3,13,4,27,0,28,25,5,7,17,20,84,109,146,264,314,302,390,329,375,358,341,359,358,465,385
733,692,710,757,713,759,721,869,707,690,528,394,524,411,409,445,412,414,464,451,381,412,423,402,369,321,394,321,214,176,107,73,40,43,32,57,156,539,1191,1764,2308,2042,1944,1767,1722,2556,3299,4257,3718,3368,3417,3639,3381,3237,3455,3319,3042,3277,3292,3409,4282,3905,3666,3808,4054,4140,4037,4010,4731,3934,2590,521,17,20,4,26,438,2959,3632,3693,3721,3638,3565,3789,4468,3846,3198,2096,1649,1351,845,221,64,48,33,0,40,37,0,13,11,27,26,15,12,24,32,29,24,32,6,19,19,0,9,0,25,9,24,26,8,43,5,1,13,27,10,6,12,21,24,18,10,21,11,1,6,12,35,8,1,4,14,9,0,9,19,34,46,126,142,221,365,362,343,390,415,412,392,491,376,323
695,765,716,724,751,732,702,773,714,695,551,370,422,422,475,371,385,332,422,362,372,423,414,361,326,343,348,265,194,82,59,68,333,1377,1811,2468,3138,3383,3483,3591,3793,3771,3843,3759,3566,3805,3815,3844,2915,3112,3492,3922,3371,3137,2965,3373,3324,3399,2828,3408,3908,3722,3904,3744,3850,4080,4331,4083,4161,3577,3326,2737,620,48,18,267,2128,2919,3502,3390,3610,3316,3706,3333,3650,3534,3572,3288,3472,3449,3467,3382,2336,1690,1581,1165,445,119,60,35,18,28,23,20,35,19,10,16,19,8,10,20,22,24,11,22,10,15,10,16,21,9,8,14,0,9,17,24,22,4,29,28,14,17,18,11,16,5,0,0,44,13,2,21,20,21,35,18,19,48,95,155,240,267,337,410,398,388,441,361,377,363
709,661,749,760,789,805,739,881,693,496,457,461,379,450,437,393,360,410,416,377,414,397,412,390,364,301,222,203,456,1184,2073,2528,3323,3376,3540,3276,3665,3652,3099,3262,3623,3227,3283,3688,3391,3474,3678,3682,3499,3426,4130,3850,3985,3347,3352,3323,3676,3454,3346,3704,3677,3312,3616,3526,3198,3505,3691,4096,4323,3653,3301,3785,3479,1441,426,2288,3543,3013,3149,3574,3634,3598,3367,3233,3140,3545,3619,3237,3215,3031,3530,3382,3187,3319,3685,4169,2796,2712,2301,1331,1413,764,605,188,34,23,2,6,8,23,0,29,25,11,0,24,22,4,15,0,19,23,11,2,6,15,14,27,9,3,29,18,37,15,18,20,26,7,19,10,9,14,13,5,21,2,21,12,4,20,23,75,170,219,323,371,438,408,395,400,382,414
767,689,808,811,724,723,718,776,480,460,470,436,430,469,385,396,419,418,364,371,443,359,371,365,338,556,1845,2395,3411,3618,3450,3377,3253,3234,3598,3475,4485,3227,3695,3741,3494,3461,3458,3721,3942,3829,3853,3798,3846,3677,3524,2969,3654,3859,3359,3338,3395,3571,3406,3255,3321,3254,3485,3509,3376,3453,3517,3683,3444,3629,3353,3274,3250,3321,3065,3878,3566,2891,3397,3603,3951,3603,3559,3253,3357,3602,3463,3641,3239,3004,3806,2865,2852,3686,4964,4379,3266,3220,3190,3452,3129,3536,3208,2880,1895,663,220,34,24,24,9,30,12,14,12,19,21,8,11,20,0,16,13,7,22,18,20,4,27,3,37,41,1,25,9,25,15,0,0,40,19,19,0,14,9,25,4,8,26,2,19,33,78,130,207,259,388,391,395,354,406,447
765,751,757,782,775,714,688,651,430,450,420,465,517,437,383,381,411,377,415,347,450,354,777,1630,2376,2763,3322,3165,3401,3390,2943,3349,3483,3286,3609,3637,3441,3253,3124,3128,3251,3433,4024,4202,3844,3754,3716,3765,3757,3437,3334,3229,3565,3427,3463,3471,3152,3277,3306,3293,3619,3662,3710,3807,3463,3412,3683,3534,3657,3273,3214,3133,3296,3076,3240,3793,3622,3534,3326,3722,4147,3840,3979,3907,3524,3709,4138,3815,3606,3618,3195,3229,2904,3353,2944,2735,3124,3179,3277,2996,3106,3091,3146,3049,3433,3537,2897,2465,989,395,207,80,26,24,14,13,15,20,2,11,0,9,24,15,21,19,12,9,10,20,13,19,11,7,7,7,17,22,23,22,8,6,24,9,15,25,22,8,13,22,19,23,29,44,141,187,241,403,415,437,402,389
743,761,781,762,778,773,512,416,428,490,425,459,445,430,437,377,453,425,380,412,460,1219,3169,3612,3348,3972,3703,3544,3588,3197,2866,2714,2622,3165,3349,3523,3457,3442,3487,3334,3286,3275,3530,3569,3531,3566,3624,3490,3646,3605,3616,3390,3088,2971,3281,3518,3504,3241,3286,3510,3532,3614,3721,4129,3705,3710,3912,3776,3482,3712,3371,3103,3600,3447,3402,3370,3320,3477,3491,3603,3746,3506,3675,3642,3282,3590,3990,3910,4140,3543,3436,3335,2958,2801,3443,3600,2885,3236,3690,3278,3137,2914,3473,3190,3418,3247,3515,3524,4000,3103,3477,2853,1808,621,198,68,25,12,14,9,11,22,18,29,15,8,19,8,14,8,21,2,0,19,14,0,14,12,26,23,15,5,9,0,20,11,7,0,0,16,10,27,0,31,27,93,164,298,411,416,427,464
799,687,755,811,746,653,520,498,484,445,422,474,395,375,421,445,430,418,417,470,1901,2798,2901,3411,3115,3037,3160,3500,3173,3123,3068,3028,3155,2925,3275,3368,3824,3895,3438,3441,3095,3259,3231,3316,3428,3460,3430,3673,3856,4288,3512,3380,3217,3341,3919,3551,3203,3267,3297,3143,3242,3413,3587,3999,4066,3960,3704,3377,3811,3732,3837,3396,3402,3563,3656,3588,4307,3703,3589,3342,3341,3819,4506,3730,3507,3761,3700,3443,3796,3376,3202,3223,3460,3853,3778,3917,4467,4794,4614,3945,3676,3413,3833,4591,3852,2963,3044,3621,3457,3348,3698,4678,3532,2956,2910,2801,1183,488,132,20,18,14,10,23,16,16,14,9,13,13,13,12,7,16,20,29,24,20,18,18,17,0,1,16,38,21,10,28,2,15,15,15,31,8,38,32,60,195,334,391,399,437
650,813,769,775,765,579,551,467,463,497,422,407,435,401,398,480,419,383,579,2377,3097,2954,2999,3028,3300,3163,3287,3441,3190,3378,3357,3201,3381,3152,3263,2873,3540,4294,3863,3259,3275,3202,3642,4987,4260,4080,3565,3845,3796,3930,4162,3779,3350,3871,4150,3815,3404,3306,3114,3288,3447,3579,3547,3833,4123,4023,3327,3272,3585,3815,4346,3906,3306,3205,3516,4037,4038,3408,3229,3083,3579,3987,3962,3707,3595,3638,3570,3496,3745,3583,3389,3232,2913,3144,2786,3217,4734,4587,3968,3449,3188,3236,3494,4959,5439,4031,3453,3364,3378,3274,3361,3832,3536,3260,3579,3601,3858,3318,2939,1937,693,176,39,35,10,31,27,21,12,0,12,26,6,14,13,4,13,10,5,18,15,15,25,22,11,1,16,22,31,6,10,19,22,3,26,10,29,84,241,386,346,437
694,735,641,759,572,576,493,428,483,401,465,447,514,425,461,375,366,438,1734,2834,3037,3051,2933,3125,2610,3003,3492,3399,3170,3271,3010,3125,3335,3238,3312,2992,3928,5372,4099,3416,3368,3321,3142,3476,3843,4330,3792,3359,3355,3389,4329,3699,3553,3783,3356,3309,3279,3250,3241,3188,3540,3784,3900,3598,3623,3731,3430,3817,3579,3513,3630,3774,3344,3193,3378,3823,3596,3469,3607,3305,3603,3679,3707,3843,3717,3762,4344,4207,3528,3391,3524,3176,2890,3308,3432,3301,3170,3177,3506,3786,3478,3133,3111,3672,4684,4026,3164,3280,3670,3689,3305,3777,3630,3227,3883,3306,3376,3596,4020,3776,3943,3345,2526,647,147,28,17,29,16,3,45,33,0,44,34,9,15,7,20,16,17,28,22,14,6,9,14,0,16,32,12,31,20,4,27,5,13,39,100,173,325,396
729,764,801,578,372,403,410,557,418,392,470,481,429,471,428,444,386,634,2858,3080,2780,2881,3540,3600,3013,2946,3302,3844,3281,2885,3123,3400,3171,3438,3418,3397,3466,3647,3352,3580,3861,4101,3576,3110,3137,3905,3926,2783,3361,3664,3590,3374,3518,3726,3480,3278,3402,3332,4018,3857,3793,3651,3703,3474,3087,3673,3778,3962,3690,3741,3503,3756,3567,3513,3447,3770,4282,4106,3739,3569,3252,3613,3702,3579,3572,3632,3805,3762,3389,3463,3298,2943,3173,3170,3358,3290,3203,3046,3430,3423,3353,3307,3203,3517,3650,3786,3428,3356,3610,3551,3062,3395,3518,3570,3950,3970,3734,3600,3690,3923,3802,3765,3955,3398,2876,1548,467,40,27,19,23,38,12,19,53,10,1,40,24,6,12,11,7,22,3,4,10,52,27,28,0,20,22,22,10,8,9,25,37,81,169,255
633,670,770,479,455,430,392,462,454,397,385,492,438,386,391,448,1627,2924,2643,3065,2792,2759,3045,2912,3033,3179,3479,3507,3099,2833,3213,3443,3535,3422,3493,3464,3360,2909,3287,3534,3502,3703,3447,3521,3253,3003,2470,3013,3713,3610,3234,3664,3872,3430,3458,3353,3510,3421,3275,3256,3242,3318,3337,3514,3759,3645,3685,3957,3508,3187,3887,3739,3531,3135,3236,3824,3690,3401,3945,3518,3718,3769,3705,3392,3318,3444,3601,3689,3471,3450,3486,3250,3424,3095,3308,3444,3512,3707,3481,3185,3443,3460,3473,3148,3324,3262,3284,3657,3775,3795,3768,3637,3428,3734,4008,3672,3400,3472,3434,3511,3161,3256,3508,3627,4272,3815,3438,953,627,596,159,17,24,16,23,16,27,7,26,13,1,22,14,21,0,11,12,18,11,22,4,23,20,17,17,24,9,13,21,20,82,189
701,750,660,512,464,415,499,450,441,411,421,416,438,427,473,1379,3067,2851,2701,3092,3277,3305,3309,3294,3813,3801,3408,3206,3146,3087,2883,3325,3723,3509,3180,3349,3065,3467,3660,3586,3431,3328,3209,3511,3713,3743,3404,3564,3877,3444,3420,3396,3448,3592,3375,3227,3450,3489,3290,3497,3844,3706,3508,3779,3882,3961,3542,3765,3993,3455,3263,3984,4085,4168,3616,3525,3289,2625,3323,3286,3500,3540,3720,3530,3336,3444,3927,4067,3720,3806,3587,3653,3567,3199,3631,4110,3306,3291,3391,3324,3307,3117,3316,3565,3421,3410,2867,3041,3380,3789,3879,3625,3681,3863,4216,4033,3334,3211,3530,3676,3620,3629,3466,3959,3997,3507,3731,3244,3622,3767,2785,2231,820,199,52,17,0,8,6,26,2,20,8,19,26,11,3,29,21,7,25,17,7,24,7,5,6,14,24,10,19,109
764,628,510,445,479,414,533,427,540,464,422,398,453,415,749,2789,2839,2984,2638,2861,3197,3342,3507,3121,3311,3122,3121,2954,3169,3389,3244,3240,3294,3060,3241,3240,3516,3421,3398,3277,3339,3250,3497,3650,3457,3502,3804,3869,4012,3686,3785,3449,3632,3686,3722,3654,3587,3625,3817,4085,3820,3476,3644,4144,3932,3572,3908,3660,3967,3637,2892,2900,3510,3872,3230,3371,3728,2758,2563,3236,3026,2948,3476,3447,3518,3639,3798,4129,3863,3920,3542,3380,3396,3313,3401,3617,3080,3165,3492,3139,3240,3411,3359,3180,3199,3454,3304,3215,3474,3536,3659,3567,3523,3983,4027,3968,3794,3591,3664,4039,3914,4021,3591,3689,3991,3918,3863,3976,3651,4422,4110,4817,4916,3949,2520,660,132,38,34,2,19,21,0,31,13,72,1,10,20,18,9,12,8,12,23,13,7,3,6,10,6,20
828,536,510,485,401,457,449,438,455,537,475,415,462,468,1607,2569,2604,2641,2723,3040,3427,3089,3431,3378,3396,3062,3202,3124,3186,3178,3380,3217,3307,3326,3442,3384,3219,3326,3191,3324,3213,3283,3774,3963,3732,4252,4171,4500,4495,4373,4791,4269,3826,4088,3998,4118,3606,4173,4207,4258,3866,3789,3750,4174,3858,3841,3698,3824,3923,3244,2742,3121,3064,3488,3551,3815,3394,3232,2813,3044,2971,2977,3070,3244,3488,3901,4196,4355,4140,3931,3903,3379,3204,3287,3218,3519,3455,3598,3803,3586,3462,3760,4605,4241,3249,2782,3308,3320,3742,4093,3553,3364,3136,3707,3670,3720,4329,3857,3432,2984,3477,3818,3534,3623,3970,4244,3728,3783,4341,4050,3190,3963,4107,3895,4246,4003,3776,1842,674,321,158,18,26,0,3,6,1,21,18,19,14,24,7,8,18,31,19,4,19,24,0,4
609,494,426,448,483,486,491,399,403,526,446,486,383,546,2705,2912,2832,3031,3065,3187,3515,3351,3416,3548,3671,3420,3481,3617,3176,3148,3389,3180,3267,4052,3908,3849,3050,3362,3349,3311,3961,3865,4375,4520,4689,4625,4605,4607,4309,4494,4845,4402,4350,4432,4308,4375,4260,4025,4206,4054,3962,3994,3716,4037,3979,3813,3839,3701,3564,3203,3340,4181,3293,3206,3469,3398,3352,3656,3288,2986,3530,3851,3574,3408,4048,4105,4114,4134,4373,3918,4034,3767,4070,3776,3721,3877,3974,3792,3873,3970,3403,3328,4071,4366,3487,3354,3301,3334,4048,4399,3107,3195,3428,3435,3169,3540,3696,3422,3228,2908,2662,3011,2951,3186,3630,3794,3101,3561,3422,3329,3724,3303,3288,3544,3871,4011,4131,4176,3747,3481,3081,1128,123,38,10,23,43,18,4,0,30,22,33,23,9,16,27,10,19,14,14,6
427,469,493,457,423,543,542,452,465,404,458,443,357,1659,3191,3062,3329,3262,3611,3141,3434,3043,3168,2999,3104,3524,3579,3500,2993,3214,3175,3303,3279,3205,3442,3490,3430,3762,3380,3815,4160,4333,4419,4461,4600,4497,4652,4668,4503,4318,4091,3928,4031,4084,3964,4086,3837,3874,3985,4093,4461,4251,4210,4121,4194,3709,3860,3842,3724,3369,3308,3766,3811,3474,3533,3244,2913,2851,3162,2869,3213,3457,3558,3459,3892,4018,3924,3865,3996,3831,3856,4396,4164,3851,3886,4281,4354,4094,4188,4314,4027,3960,3740,4049,3804,3569,3368,3488,3774,3794,3197,3248,3894,3771,3835,3880,3513,3251,3442,3427,3623,3486,3152,3278,3432,2930,3022,3082,3586,3485,3625,3310,3758,3955,3926,3915,4098,4011,3902,3951,4120,3930,3714,1478,280,37,31,14,34,8,27,43,44,21,15,21,0,4,34,10,8,0
585,488,475,486,496,409,519,524,453,467,422,352,723,2905,2661,2605,3966,3504,3354,3256,3071,3113,3238,3030,3314,3087,3135,3139,3012,3473,3342,3300,3154,3203,3283,3675,4104,4528,4232,4550,4137,4456,4507,4171,4017,4035,3884,3582,3659,3465,3402,3200,3069,3529,3634,3485,3387,3109,3250,3659,3591,4006,4225,4178,4082,3955,4118,4253,4044,3657,3517,3385,4088,4601,3589,3527,3370,3095,3048,3448,3582,3568,3121,3648,3891,4137,4141,3950,4107,4242,4027,4336,4561,4305,3882,4192,4302,4676,4470,4032,4077,4191,4017,4326,4026,4401,4365,3906,3769,3671,3337,3691,3675,3192,3611,3945,3182,3174,3628,3699,3798,4310,3771,3150,3366,2972,3391,3479,3538,3529,3603,3595,3545,3381,3983,3816,3771,3769,4017,3665,3441,3459,3725,3844,3388,1635,505,77,28,12,12,11,9,17,5,16,6,10,24,25,1,5
449,500,431,396,494,501,467,453,424,446,407,299,2241,3003,2723,2708,3034,2999,3089,3458,2604,2840,3227,3206,3100,3131,3099,3472,3207,3297,3456,3267,3277,3420,3574,3719,4066,4140,4420,4298,3878,4117,3905,3307,3676,3583,3325,3313,3246,3085,2701,2699,2966,3163,3185,3168,3096,3325,2583,2661,2847,3325,3684,3860,4364,4480,4443,4347,4405,4013,4120,3950,4182,3956,3553,3152,3443,3348,3417,4155,3882,3317,3691,3902,3893,4086,4076,3886,3973,4701,4189,4376,4503,4312,3717,4007,4117,4263,3889,4077,4112,4202,4384,4497,4227,4623,4557,4578,4127,4470,3924,3979,3893,3475,3719,3760,3478,2912,2873,2676,2946,3701,3629,3311,3291,3613,3634,3374,3151,3870,4054,3261,3319,3367,3401,3935,4027,3513,3560,3905,3844,3459,3779,3795,3818,3826,3223,2475,890,65,10,6,6,10,28,3,12,8,12,9,21,17
444,513,457,574,531,519,515,488,439,428,258,614,3123,2860,2852,2935,3417,3281,3346,3923,3398,3272,3163,3286,3246,3614,3527,3264,3493,3246,3560,3354,3644,3897,3997,3979,4135,4051,4211,3744,3837,3737,3323,3371,3179,3436,3130,3371,3504,3560,3077,2967,2958,3020,3370,3279,3220,3442,3424,3259,2906,2876,3192,3594,4097,4478,4444,4312,4193,4003,4926,4286,4341,3805,3442,3150,3489,3373,3139,3235,3543,3656,4049,4099,4267,3984,3962,3906,4166,4264,3982,3836,3660,4049,3347,3150,3581,3304,3447,3654,3645,4114,4170,4283,4082,4231,4531,4316,4434,4626,4281,4348,4366,4044,3911,3790,4217,3438,3406,3062,3379,3502,3497,3605,3326,3257,3752,3866,4448,4060,3426,3288,3403,3415,3263,3628,3531,3493,3379,3704,3841,4006,3949,3830,4164,4166,3776,3931,3994,3585,3223,2230,234,7,17,11,34,29,26,11,10,4
508,492,491,560,525,435,502,461,513,276,178,1464,3344,3191,2853,2651,3306,3283,3288,3603,4070,3312,3780,3878,3504,3645,4477,3589,3401,3560,3603,3423,3908,3935,3964,3866,4319,3976,3912,3633,3427,3716,3833,3084,2499,3101,2918,3064,3735,3888,3483,3368,3015,2930,3337,3291,3460,3634,4008,4336,2807,2754,3357,3562,3412,4230,4086,4482,4266,4315,4240,4199,4521,4179,3848,3864,4011,4207,4091,4100,4244,4283,4407,4136,4128,4309,4299,4022,4058,4037,3538,3290,3481,3752,3113,3165,3245,2701,3305,3179,3001,3361,3756,3053,3487,3669,3927,3742,4085,4261,4205,4276,4102,4254,4175,4014,3754,3512,3842,3258,3652,3259,3795,3948,3325,3350,3651,3123,3750,3732,4026,3511,3753,3550,3780,3721,3342,3253,3249,3600,3528,3854,3685,3667,4579,4237,3846,3999,3734,4004,4673,7062,3309,56,17,5,13,19,25,0,17,13
394,471,471,519,481,458,490,488,390,187,284,2672,2811,3081,2911,2587,2983,3139,3181,3288,3133,3242,3469,3620,3555,3041,2915,3343,3585,3799,3241,3426,3616,4343,4114,3958,3706,3433,3214,2950,2926,2936,2813,2648,2612,2948,3002,2869,3322,3620,3349,3334,3260,3463,3547,3396,3029,3256,3281,3407,3684,3513,3447,3319,3539,3703,3856,4169,4161,4310,4170,4279,4231,4314,4038,3872,4068,4209,4319,4189,4454,4272,3870,4121,4345,4643,4399,3680,3306,2968,2733,3218,3183,2768,2905,3134,3598,3694,3443,3077,2797,3121,3683,3390,2964,3147,2922,2819,3420,3860,4251,4351,4386,4067,3854,4093,3998,3777,3667,3544,3724,3323,3289,3551,3489,3060,3124,3326,3484,3726,3448,3334,4031,3994,3949,3615,3618,3475,3550,3437,3614,3733,3661,3869,3500,3710,3678,3817,3629,3347,3290,6329,7721,241,23,13,21,1,13,0,47,2
483,454,582,511,490,509,438,380,262,96,1235,3187,2897,2939,2885,2858,3117,3214,2784,3108,3133,3267,3661,3738,4067,3470,3250,3429,3907,3470,3418,3698,3848,4010,3952,3827,3825,3188,2696,2693,2892,2893,2686,2508,2694,3222,3344,3165,3282,3807,3643,3323,3490,3244,3229,3103,2971,3095,2610,3339,4486,3637,3344,3224,4366,3708,3011,3324,4179,4498,4101,3997,4164,4508,3965,4125,3989,4333,4093,4066,4542,4184,3992,3795,4229,4566,4291,4197,3496,2868,2361,2456,2677,2803,3075,3033,3867,3985,3110,2982,3289,3623,3590,3703,3477,3182,3087,3032,3044,3193,3441,3660,4063,4110,3791,4111,3645,3521,3915,4634,4455,3172,3088,3441,4001,3051,3281,3919,3801,3368,3248,3438,3348,3605,3657,3482,3771,3532,3621,3746,3695,3304,3432,3638,3153,3422,3756,3588,3799,3827,3438,4745,10963,2371,20,12,16,10,25,13,17,17
563,514,541,483,498,451,465,268,150,159,2319,2959,2636,2863,3191,2650,3075,3056,2592,2466,3039,3166,2911,2974,4074,3971,3482,3493,3701,3414,3894,3957,4025,4020,3916,3584,3327,2769,2570,2674,2856,2776,2891,2717,2686,2944,3500,4168,4365,3753,3388,3611,3562,3541,3481,3321,3361,3283,2893,2979,3055,3001,2966,3153,3248,3303,3098,3094,3444,4310,4320,4139,4156,4270,4008,4072,4384,4330,4163,4303,4172,4242,4265,3843,3817,4093,4148,3363,3058,3354,3359,3117,2958,3601,3740,3050,3237,3271,3154,3064,3153,3463,2919,3302,3545,3483,3936,3522,3490,2969,2544,3258,3211,3407,3844,3959,3682,3527,4354,4655,3964,4050,4715,4432,3614,3376,3457,3549,3585,3507,3537,3455,3202,3357,3496,3761,3671,3594,3466,3749,3224,3674,3936,3581,3208,3363,3839,4002,3637,3483,3309,3609,5265,5870,482,6,40,8,18,27,36,35
545,501,579,488,488,492,379,200,63,817,2867,2840,2924,2553,2717,2674,3039,2792,2792,3281,3264,3856,3535,3484,4699,4292,3644,3654,3605,3673,4141,3960,3874,4025,3920,3466,3063,3097,3131,3219,3022,2894,2908,3320,3269,3353,2438,3739,2647,1433,1690,2785,3040,3935,4701,4195,4039,3172,3283,3190,3267,3542,3393,3056,3355,4228,3878,3797,3622,3797,4149,4053,4255,4178,4120,4072,4191,4053,3891,4085,3829,3790,4081,4199,4562,4153,3566,2733,2995,3643,3922,4432,3994,3928,3308,3554,3205,3457,3285,3403,3234,2868,2972,3228,3360,3215,3526,2917,2575,3150,2671,3566,4109,3277,3213,3950,3815,3906,4073,4464,4294,4461,4681,4311,4082,3873,3422,3367,4010,3810,3550,3791,3506,3177,2606,3487,4045,4024,3681,3965,3244,3758,3795,3649,3524,3440,3585,3867,3552,3578,3612,3313,3288,5173,5244,224,92,83,9,29,38,88
512,517,508,463,403,427,219,103,285,2434,2781,2300,2346,2794,2854,3166,3248,2944,3175,3093,2948,3059,3545,3475,3216,3473,3738,3372,3269,3643,3681,4064,3910,3685,3548,3331,2609,2708,3560,4216,3721,3336,3305,2908,2867,2681,584,260,363,1176,2150,2976,3427,3052,3969,5394,3884,3015,3884,3485,3243,3352,3693,3327,3036,3771,3472,3076,3289,3133,3192,3607,4082,4368,4553,4339,4471,4203,4017,4429,4019,3872,4262,4149,4273,4019,2864,3207,3311,3585,3495,4084,3791,2818,3151,3420,3284,3531,3568,3529,3493,3392,3281,3250,3577,3471,3795,3487,2613,3784,3825,3767,3909,2965,3346,3357,3194,3389,3246,3804,4024,3633,4199,4128,4529,4455,3592,3723,3984,3935,3610,4272,3837,4023,3592,3482,4102,4304,3944,3756,3529,3765,3532,3666,3702,3331,4007,4267,3771,4095,3930,3651,3157,3109,7208,1545,72,95,15,22,25,2
607,537,524,564,414,273,119,51,407,2704,2806,2990,2749,2959,2985,3517,3022,2834,3417,3100,3000,3157,3409,3809,4035,3612,3682,3562,3494,3553,3579,3967,3640,3665,3517,3333,2004,1943,2721,3590,3884,3265,3407,3352,3515,2973,2927,2236,2652,4342,4411,4328,3331,2839,2806,2653,2481,2230,2618,3576,3600,3328,3505,3511,3102,3068,2933,3114,3445,3630,3322,3422,3901,4295,4215,4221,4497,4244,4121,4246,3698,3750,4291,4416,3991,3357,3351,3997,3959,3008,3049,3242,3047,3472,3827,4032,3823,3544,3676,3430,3898,3952,3494,3153,3396,3515,3481,4210,3654,3409,3377,3650,3418,2872,2835,2843,2977,2711,2928,3212,3608,3655,3911,4115,4251,4389,3232,3265,3695,3571,3524,3406,4047,3703,3478,2970,3818,3972,3489,3307,3477,3688,3633,3364,3889,3922,4047,4323,4064,4027,4017,3523,3415,3368,7129,3795,14,18,16,12,24,26
427,529,464,519,316,160,39,377,2365,2621,2788,3147,3289,2942,3231,5014,3714,2965,3222,3347,3221,3211,3457,3430,3180,3322,3428,3539,3567,3914,3917,3685,3668,3655,3256,2812,2369,2661,3365,3964,4288,4006,3629,3716,3371,3438,3928,3884,3250,3328,3105,3106,2738,2797,3053,2623,2555,2173,2256,2749,3538,3495,3372,2997,3239,3180,3171,3187,3824,4316,3399,2915,3700,3750,3192,3316,3253,3169,3490,3629,3260,3307,3617,3647,3512,3025,3280,3867,4361,3795,3060,3207,3436,3631,3583,3818,3772,3788,3284,3170,3768,3943,3328,2743,2774,3129,3260,3568,3449,3389,3373,3343,3289,3432,3274,3180,2826,2822,3057,3490,3494,3481,3472,3815,3836,4201,4052,3391,3352,3626,3326,3218,3250,3741,4027,3707,3604,3502,3335,3631,3620,3189,3377,3399,3621,3559,3353,3896,3559,3570,3371,3342,3596,2993,4059,5555,192,9,32,32,18,4
496,553,507,505,272,92,12,430,2874,2596,2614,3355,3416,3650,3548,3887,2961,2744,3229,3445,3294,3440,2949,3068,3108,3251,3099,3312,3408,3644,3669,4321,3738,3451,3173,3057,2833,2834,2871,3691,3558,3222,3066,3028,3181,3509,3468,3601,3136,2961,3160,3370,3226,3176,3283,3434,3329,3020,2665,2574,2834,3207,3395,3065,3657,3604,3302,2864,3369,3567,2651,2761,3753,3183,2590,3015,3035,3205,3102,3103,2984,2972,3270,3202,2890,2547,2458,2653,3208,3750,3144,3240,3324,2812,3117,2822,3349,3611,3514,3282,3260,2842,2524,2363,3175,3069,2791,2912,3570,3469,3346,3363,3158,2802,3001,3324,3123,2925,3029,3397,3508,3165,3356,3852,3812,3939,4210,3947,3845,3366,3312,3866,3906,3523,3701,3781,3596,3689,3729,3469,3831,3535,3449,3658,3622,3452,3590,3589,3346,2944,3057,4016,3581,3418,3710,5941,901,16,5,33,21,31
694,523,511,397,123,47,227,1482,3062,3174,2924,2872,3498,3382,2405,2342,2828,3253,2886,3111,2860,3166,3532,4245,3240,3300,3357,3905,3588,3294,3778,4041,3690,3052,2777,2726,2676,3147,3172,3265,2599,2370,2846,3857,3943,4011,3521,3350,3762,3910,3364,3634,3518,3118,3290,3085,3032,2950,3005,3105,2945,3060,3018,3175,3615,3198,3498,3202,3259,3393,2668,2618,3050,2670,2634,3453,3820,3815,3475,3177,3109,3067,2838,2931,3054,3273,3292,3175,2559,3189,3573,2982,3472,3242,2806,2973,3188,3288,3367,3372,3791,3432,3013,2986,3648,3708,3517,2540,2696,3078,3179,3156,2898,2578,2837,2927,3807,3561,2970,3118,3590,3776,3797,3875,4005,3869,4265,3732,3867,3878,4452,4564,4093,3457,3298,3378,3480,3867,4181,3743,3733,3754,3821,3990,4163,3566,3594,3370,3588,3643,3652,3840,3487,4021,4264,5133,3619,44,12,11,12,2
504,472,393,214,65,27,414,2644,3229,2917,3017,2909,2782,2649,2816,3327,2980,2860,3357,3316,2874,3120,3356,4125,3457,2846,3318,3698,3780,3848,4123,3715,3475,2959,3083,2885,2757,2892,3160,3593,3012,2934,3319,3226,4647,4300,3771,3425,3655,4136,3286,3234,3363,3411,3429,3048,3007,3183,3231,3360,3411,3423,3244,2987,2756,2893,3471,3309,2922,3179,2838,2558,2768,2783,3167,3505,3330,3507,3311,2731,2958,2925,2947,2799,2841,2652,3415,3644,3096,2912,3217,3418,3843,3199,2956,3124,3690,3640,3915,3767,3586,4310,4456,3140,3390,3473,2887,2851,3734,3213,3039,3123,2731,2985,3095,3015,3626,3358,2999,3471,3656,3124,3892,3602,3556,3303,3655,3692,3849,4096,4174,3751,4105,3521,3815,3669,3419,3508,3917,3536,3532,3520,3876,4216,3369,3624,3757,3634,3439,3660,3380,3098,3323,3347,3772,3672,4336,184,8,12,17,0
504,558,252,106,25,21,139,2632,3116,2826,2561,3525,2983,2857,3447,3588,3941,4267,3477,3201,2999,2961,3330,2899,3230,3496,3650,4099,3961,3544,3784,3864,3365,3210,3922,3902,3511,3113,3037,2984,3599,3391,2521,1296,2295,3263,3779,3720,3425,3830,3312,3087,3681,3252,3072,3122,2890,2648,3185,3329,3232,3262,3428,3290,2460,2868,3524,3472,3635,3389,2898,2953,3435,3392,3071,2943,3476,3161,3251,3259,3504,3654,3130,2895,3319,2752,2470,2820,3264,3346,3459,3688,3769,3163,3140,3591,4205,3718,3098,3138,2924,3396,3471,3305,3241,2603,3012,3855,3990,3386,3148,3323,3273,3871,4101,3894,3095,3167,3468,3184,3169,2903,3134,3522,3255,3282,2853,3171,3465,4231,4152,3779,3756,4068,4089,3993,3712,4047,3714,3769,3753,3256,3269,3480,3494,3388,3666,3148,3481,4920,4883,3455,3002,3063,3330,3527,5472,1460,23,11,0,12
549,439,177,58,22,23,144,2198,2909,2899,2938,2788,2477,2730,2516,2432,2725,3380,2972,2876,2907,3417,4035,3254,3260,3236,4110,4077,4191,3888,3795,3890,3759,3152,3389,4165,4216,4219,3879,3413,3355,3302,3055,1792,310,719,1730,2662,3106,3057,2730,3233,4177,3775,3171,3571,3116,3123,3873,3662,3371,3863,3624,3262,3494,3273,3266,3920,4130,3865,3370,3256,3846,3459,3315,3095,2997,3227,2981,3185,3580,3312,3297,3917,3668,3250,3059,3238,3578,3428,2577,2343,2724,2959,3420,3515,3426,3571,3645,3310,2853,3063,3547,3601,2881,3006,3389,3378,3803,3735,3599,3550,3551,3769,3861,3941,3397,3482,3359,3372,3092,2669,3457,3243,4213,4366,3418,2703,3565,4173,4041,4042,3698,3986,4062,4148,3644,3715,3559,3468,3781,3282,3430,3211,3476,3624,3431,3472,3542,4925,3948,3378,3351,3497,3666,3633,4278,3327,43,13,0,18
451,272,84,0,35,102,1556,2495,2802,2942,2797,2876,2888,3768,3946,3738,2904,3090,3529,3268,2765,3141,3296,3158,3376,3215,3644,3668,3530,3807,3693,3206,3964,3407,2410,2246,2944,3454,3906,3748,3275,2823,2987,2951,1183,481,300,827,2585,3141,3509,3443,4143,4452,3044,2685,3345,4360,3728,3058,2897,3164,3468,3822,3819,3319,3232,3201,3481,4849,3961,3716,3975,3863,3569,3253,3809,3791,2395,2988,3151,3629,3542,4344,3742,3164,3073,3225,3648,3789,3078,2837,3197,3216,3075,3344,3622,3791,3628,3452,3588,3530,3416,3734,3294,2991,2863,3197,3918,3515,3707,3166,3181,3976,3832,3201,3484,3391,3504,3189,3406,3165,3146,3725,4170,4785,4050,2549,3131,3470,3794,3895,4023,4230,3986,3849,3462,3807,3885,3716,3458,3552,3666,3580,3627,3603,3528,3261,3187,3692,4294,4367,3790,3380,3225,3365,3469,4720,496,13,15,17
309,151,33,5,30,686,2697,2650,2356,2850,3106,3220,2983,3528,3384,2882,2740,2992,3254,3383,3054,2981,3021,2836,2997,3068,3190,3521,4003,4139,3753,2696,3618,4121,3635,3223,2596,2113,2423,2606,2889,2849,3113,3619,3402,3024,2740,2989,3461,3874,3719,4022,4489,3889,2888,2902,3052,3454,3044,3315,2984,2670,2545,3079,3214,3185,3367,3535,3233,3739,3431,3663,3721,3192,3312,3703,3612,2508,1841,2915,2855,3327,3081,2883,3408,3185,2989,2868,3365,3542,3002,3052,3436,3433,3031,2868,2938,3302,2876,3012,3012,2913,2884,3257,3572,3229,3516,3452,3693,3192,3290,3271,2927,3264,3405,3297,3348,3128,3279,3476,3768,3624,3937,4345,4115,4161,3430,2770,3405,3284,3634,4255,4373,4142,3820,3762,3937,4051,3631,3799,3775,3646,3203,3535,3654,3707,3519,3551,3811,3765,3643,3598,3222,3263,3116,3243,3288,3948,2500,0,8,14
227,61,31,13,750,2691,3552,3162,2884,3271,3580,3456,3258,3058,2859,2540,2804,2821,3199,3110,3477,4059,3228,3363,3182,3530,3798,3955,3463,3533,3592,2922,3276,4338,4754,4108,3257,2852,2867,3014,2911,3620,3572,4007,4227,4305,4488,4393,4246,4194,3704,3266,2829,3054,3427,3501,3028,2845,2911,2853,2507,2436,2343,3074,3305,2815,2669,2812,2974,3021,3106,3136,3232,3189,2870,3271,3308,2402,2162,4241,3257,4166,3418,3542,3903,3364,3745,3233,2943,2735,3136,3354,3005,3228,2886,2330,2771,3710,2817,2898,3344,3509,3096,2934,3295,3928,4289,4129,3861,3558,3801,3885,3845,3814,4064,4140,4020,3800,3763,3965,4262,4174,4211,4436,3548,3461,3381,3952,3905,3870,2954,3974,4019,3851,3953,3986,3835,3883,3692,3553,3762,4149,3461,3383,3659,3734,3415,3443,3834,3467,3425,3150,3172,3078,3265,3452,3364,3463,3934,128,22,31
110,16,15,218,2431,2625,3045,3592,3192,3062,2705,2951,4101,2949,2604,3484,3635,3087,2787,2735,2771,2633,3079,3226,3248,3685,3619,3650,3838,4056,4027,4330,4231,4785,4676,3976,3771,4007,3884,3890,3657,3900,4182,4529,4307,3944,3449,3961,3675,3469,3060,2937,2655,3065,3683,3887,2911,2525,2905,2624,2725,2658,2682,3351,3237,2520,2255,2431,2515,2855,3429,3485,3314,3164,3554,4166,3567,3265,2960,3424,3517,3686,4011,3907,3204,2696,3318,3248,3125,3158,3354,3439,2873,2618,3703,2818,2728,3206,3141,3820,4266,3689,3305,3038,3026,3245,3359,3516,3947,3696,3435,3722,3926,4238,4403,4296,4002,4171,4080,4024,4310,3939,3864,3650,3881,3908,3675,3164,2046,1870,2689,3543,3875,4369,3926,3984,3921,4039,3986,3636,3381,3479,3806,3619,3664,3807,3307,3325,3504,3506,3799,3589,3533,3428,3338,3348,3429,3624,4242,879,9,7
29,22,15,706,2638,2559,2911,3103,3228,3095,2502,3452,4212,2781,2541,3317,3539,3051,3070,2902,3240,3578,4016,3366,3193,3771,3691,3523,3489,3664,3247,2769,3746,4132,3950,3795,3857,4579,4620,4132,4079,4145,4271,4065,3542,3545,3367,3290,3443,3800,3592,3204,3000,3317,3317,3205,2957,3362,3444,3356,2954,2837,3000,3074,3168,2592,2196,2275,2812,2624,2652,2931,2904,3284,4115,4251,3491,2098,2729,4148,5713,4181,3323,3614,3325,3367,2996,3392,3295,3176,3022,3464,3710,3351,4671,4768,3308,2641,3172,3884,3506,3219,3292,3208,2954,3003,2590,3049,3132,3161,2879,2693,2838,3494,4044,4165,3812,3912,4011,3984,3904,4004,4263,4185,4058,4173,3602,4212,3395,2423,3868,4371,4278,4367,4159,4181,4016,3812,3850,3596,3621,3481,3936,3885,3651,3680,3335,3501,3229,3551,3703,3389,3370,3538,3420,3359,3289,3578,3984,2810,31,7
16,18,121,1836,2914,2698,3106,3172,3262,2739,2978,4609,4809,2930,2535,2587,2611,2766,2849,2708,3126,4499,4049,3330,3423,3316,3500,3537,3497,3832,3667,3096,3944,3600,3686,3616,3740,4161,4198,4352,4051,4130,3851,3593,4036,4119,3971,3166,3238,3384,3529,3605,3053,3225,3398,3074,2762,3511,3653,3509,3181,3065,3075,2713,3114,3345,3251,3400,3637,3113,2709,2001,2113,3169,3413,2747,2181,2250,3295,3489,4215,3775,2478,3487,4136,4396,3390,2957,2970,3141,3274,3811,3098,3813,4628,4664,3681,2909,2847,2786,2879,3000,3261,3233,3344,3111,2765,2702,3350,3890,3446,3171,3142,3486,3557,3938,4111,4056,3852,3912,3929,4148,3863,3924,3799,4225,4024,3246,2220,2543,3744,4129,4087,3940,3986,3920,4195,3814,3990,3391,3470,3601,3480,3302,3620,3603,3441,3611,3665,3494,3285,3450,3415,3830,3450,3296,3688,3125,2787,3994,217,1
2,1,117,1882,2725,2877,3246,2795,2671,2686,3667,5037,3514,3008,3166,2582,2337,2902,2343,2701,3175,3498,3024,3316,3208,3768,3587,3597,3343,4178,3974,3049,3472,3293,4087,3998,3792,4108,4092,4004,3933,3970,3559,2703,3587,3446,4046,3954,3490,3413,3729,3344,3231,4131,3773,3214,2803,3016,2955,3031,3303,3301,3340,3154,2681,2308,2612,3718,4140,3352,2939,2417,2764,3317,3279,3046,3177,3342,3227,3976,4436,2860,1883,2420,2565,2946,3426,3586,3368,3522,3285,3126,3520,3157,3052,3177,3176,3116,2932,3142,3082,3196,3502,3635,4069,4432,3653,3209,3683,3663,3637,3924,3411,3039,3120,3311,4003,4252,3917,3982,4121,4119,3963,4036,4187,4234,4372,3027,2020,3787,4316,4162,3981,3967,3933,3845,3821,3799,3822,3711,3696,4084,3541,3210,3687,3582,3894,3503,3252,3669,3293,3407,3451,3587,3534,3521,3526,3220,3072,4027,1158,8
8,35,405,2311,2723,2986,2949,2970,3016,3146,3084,4230,3346,4032,3658,3058,2819,3036,3127,3515,3219,2572,3148,3422,3615,3796,3642,3317,4065,3912,3952,3759,4390,3846,5044,4323,4131,4162,3913,4107,4231,4712,4105,2650,3114,2311,2446,3208,3417,3980,3713,2972,2731,3916,4587,4142,3405,3030,3152,3021,3075,3211,3119,2977,2318,2044,2556,2844,3189,3252,3110,3636,3113,3331,3878,3838,3767,3846,3086,3020,3109,2713,2946,3524,3098,2917,3281,2825,2704,3452,2981,3096,2654,2431,2436,3404,3542,3606,3827,3910,3208,3121,3362,3672,3589,3619,4395,4179,3410,2719,3145,3562,3379,3357,3638,3538,3393,3703,3885,3812,3881,4032,3974,3958,3977,3920,3982,3372,3746,3948,4011,4102,3817,3769,3572,3977,3557,3562,3570,3809,3734,3463,3616,3382,3366,3473,3548,3424,3293,3732,3383,3682,3514,3428,3487,3403,3522,3097,3143,3856,2418,19
18,5,492,2093,2470,2320,2727,2690,3061,2855,2851,3305,3393,3302,3381,3291,3046,2949,3816,4400,3435,2603,3380,3504,3510,3822,3319,3077,2999,3689,3621,3209,3116,3514,4280,4492,4301,4021,3883,3993,4293,4406,4084,2348,2978,3376,3123,3770,3324,3245,2954,2622,2942,3494,3847,4286,3695,3326,3560,3206,3236,3706,3384,3583,3400,2761,2532,2802,2935,2904,3153,3084,3081,3846,3961,3890,3803,3339,2967,2889,3286,3158,3225,3722,3796,4044,3829,3038,3069,2880,2835,2669,2712,2578,3029,3599,3349,2877,3789,3838,3578,3383,3027,3317,3121,3183,4047,4383,3854,3617,3680,3574,3195,3143,3575,3266,3197,3363,3547,3725,3698,4087,4134,4029,4156,4103,3600,3535,3923,3897,3818,4029,4031,4135,4516,4185,3499,3289,3595,4112,4011,3574,3611,3066,3450,3695,3426,3438,3265,3413,3557,3557,3564,3417,3639,3275,3318,3412,3482,3066,3271,76
20,24,1147,2800,2719,2758,2558,2262,2757,3265,2914,2383,1851,2797,3043,3111,2878,3400,3168,2694,2882,3126,3275,3545,3630,3611,3547,3512,3819,4113,4054,3850,3658,3812,3637,3776,3896,3815,3725,3793,3713,3431,3956,3140,3018,3218,3129,3464,3285,2651,2941,2886,2863,3055,3086,3613,3449,3514,3650,3174,3093,3740,3340,3136,3197,2952,3219,3314,2963,2943,3425,3667,3519,3888,3969,3788,3377,3403,3055,2811,2885,3297,3326,3540,3269,3704,3901,3782,3311,3177,3572,3187,3329,3296,3111,3136,3282,3106,3285,3763,3455,3543,3014,3176,3129,3071,3628,3734,3196,3383,3352,3610,3458,3276,3549,3960,3842,4028,3394,3249,3509,3689,3583,3595,4012,3874,3860,4045,3794,4048,4257,4103,4178,4175,4163,3595,3694,3976,3994,4101,3817,3887,3770,3147,3064,3226,3233,3502,3702,3370,3665,3463,3473,3341,3378,3469,3419,3628,3536,3221,3884,169
23,18,440,2824,3043,2717,2163,2284,3527,4508,4283,3627,2445,3065,3045,2841,3177,3979,3784,3168,3310,3493,3282,3333,3591,3830,3709,3815,3677,3809,4152,4025,4056,4027,3596,3616,3868,3774,3694,3620,3516,3277,3749,3400,3561,3245,3534,3334,2856,2628,2797,3166,3304,3309,3281,3491,3567,3493,3763,3299,3249,3145,3128,3371,3430,2930,2589,2355,2541,3177,3565,3671,3683,3304,3405,3310,3353,3276,3085,2872,2610,3178,3205,3140,3246,3404,3748,3709,3540,3747,3896,3790,3621,3607,3047,3479,3553,3689,3544,3487,3368,3380,3176,3407,3373,3074,3472,3115,2968,3049,3066,3388,3949,4137,4017,4274,3945,4033,4129,3883,3563,3379,3884,3745,3815,3969,4089,3878,4233,4192,4364,3879,3363,3928,3838,3610,3354,3210,4036,4042,4116,3808,3459,3683,3450,3743,3632,3528,3447,3287,3235,3278,3115,3188,3243,3474,3366,3559,3338,3122,4559,651
0,7,228,2404,3149,2755,2637,2590,2740,3192,3612,2988,2708,2916,3146,2825,2997,3155,2891,2907,3121,3278,3518,3464,3353,3560,3842,3508,3878,3823,3962,4019,4288,4211,4244,3534,3771,3969,3619,3311,3303,3795,4092,3287,3545,3658,3396,3543,3335,2811,3321,3275,3098,3033,3219,3590,3294,3237,3396,3258,3217,2834,2514,2745,3262,3510,3166,2907,3192,3342,3758,4090,4111,3783,3737,3469,3596,3351,3207,3021,2481,2541,3002,2890,3133,3465,3486,3539,3562,3722,4023,3607,3268,3177,3063,3071,3224,3620,3460,3160,3541,3526,3415,3102,3702,3549,3392,3366,3266,3010,3083,3343,3377,3500,3435,3507,3418,3749,3774,4142,4061,4083,4306,4207,4190,4458,4370,4149,4209,4498,4211,3884,3181,4169,3336,3812,3643,3015,3458,4029,4282,4062,3699,3856,3947,3529,3545,3465,3265,2852,2903,3461,3533,4118,4067,3204,3737,3968,3419,3433,5109,1795
12,8,196,2481,2836,2638,3193,2605,2525,3071,3184,3692,2789,2693,2747,2624,3029,3097,2919,2568,2856,3096,3491,3943,3719,4007,3797,3285,3698,3596,3826,3556,3650,4097,4451,3999,3695,3974,4205,4425,4506,4489,4150,3817,3536,3846,3639,4007,3648,3671,3621,3179,2942,3048,2891,3306,3406,3434,3422,3111,3234,3302,2870,2721,3236,3998,4228,3493,3069,2945,3118,3402,3583,3599,3601,3380,3608,3489,3275,2913,2750,2814,2606,3063,3327,3137,3258,3628,3350,3561,3686,3453,2819,2840,2956,3194,3225,3090,3394,3654,3390,3185,3754,3183,3285,3171,3404,3448,3313,3215,3239,3455,3146,3415,3647,3704,3585,3838,3612,3584,3631,3712,4296,4167,3925,3859,4005,3861,3838,4034,4133,4077,3992,3526,3554,4606,4138,3661,3060,3713,3838,3610,3728,3672,3453,3582,3862,3870,3531,3489,2962,3185,3445,4296,4179,3649,3381,3216,3477,3229,4782,2166
8,12,368,2658,2941,2861,2943,2493,3042,3059,3465,3903,2763,2997,3130,3211,3179,3098,3476,3156,3041,3191,3395,3366,3208,3693,2954,2812,3599,3529,3992,3775,3908,4029,4650,3955,3881,4078,4393,4736,4598,3641,3397,3932,4072,3923,3931,4299,3366,3634,3879,3403,3142,2576,2600,2812,2839,3251,3417,3347,3020,3479,3183,3142,3269,4043,4210,3158,2951,3021,3154,2887,3273,3296,3200,3616,3396,3043,2967,2791,3058,2923,2999,2999,3186,3354,3475,3854,3752,3304,3318,3061,2863,3047,3182,3241,3540,3372,3250,3720,2898,2813,4115,3957,3024,3219,3350,3627,3010,3034,3507,3434,3344,3670,3663,4067,3677,4000,3912,3560,3934,3921,4008,4023,3968,3745,3880,4021,3871,3861,3827,4360,4308,3753,3995,3881,4628,4515,3228,2883,3207,3758,3407,3326,3565,3369,3516,3550,3527,3611,3622,3319,3134,3323,3178,3314,2929,3270,3492,3525,4766,2208
6,12,249,2321,3060,2749,3017,2898,3559,3621,2772,2805,3569,3243,2702,3273,3401,3767,3727,3269,3308,3462,3408,3073,3170,3407,2767,2915,3271,3245,3864,3802,4062,4419,4408,4155,4072,3887,3833,4221,3752,3478,3376,3495,4014,3862,3455,3741,3671,3846,3297,3051,3527,3559,2955,3136,2963,3438,3596,3125,3354,3962,3633,3622,3777,3471,3167,2965,2540,2676,2930,2698,2781,3124,3388,3560,2925,2953,2888,3000,2921,3075,2729,2933,3375,3307,3293,3160,2998,3021,3459,3524,3237,3250,3246,3201,3228,3511,3506,3090,2948,3074,4134,4194,3347,3063,3232,3137,2791,2984,3469,3423,3656,3544,3276,3645,3673,3532,3957,3798,4100,3940,4017,4412,4109,3790,3743,3876,3960,3676,3302,3972,4007,4003,4332,3954,3877,3598,3354,3019,3724,3755,4126,3565,3338,3711,3719,3467,3834,4450,3962,3512,3424,3501,3378,3697,3068,3181,3273,3339,3937,2357
10,3,66,1866,2724,2455,2775,3163,3198,3221,2485,2504,2704,2725,2709,2605,3399,3500,3123,3218,3192,3615,3514,3594,3667,3371,3020,3600,4044,3678,4011,3755,3764,3544,3911,4196,4114,4251,4014,4065,3341,3587,3597,2706,2743,2650,2168,3343,3954,3194,2970,3503,3702,2966,2547,3281,3073,3101,3351,3263,3447,4033,3603,2931,2904,3271,3083,2785,2484,2639,2685,2674,2995,3690,3371,3066,3002,3350,3175,3083,2932,3087,3027,2409,2684,3098,2792,2585,2621,3169,3793,3569,3393,3439,3415,3113,3157,3673,3365,3038,3547,3371,3500,3511,2977,3205,3419,3008,2950,3421,3914,3970,3440,3211,3168,3449,3290,4187,3876,3566,3808,3515,3547,4358,4071,3751,3642,3930,3780,3750,3563,4128,4239,4169,3716,3656,3529,3554,3470,3431,3445,3741,4117,3751,3562,3549,3361,3272,3374,4039,3516,3618,3891,4877,3817,3929,3413,3503,3175,3002,4006,2349
4,17,45,1465,3103,2834,3163,3215,2961,2914,3079,3052,2877,2652,3518,2890,2650,2839,3283,3077,3046,3309,2988,3447,3673,3375,3139,3755,4154,3897,3810,3886,4051,4029,4141,4194,4233,4206,3802,4040,3927,3276,3225,3751,3649,3555,3718,4294,4036,3298,2996,3441,3242,3542,3307,3111,2741,2953,3536,3662,3249,3232,2866,3309,3222,3286,3331,3199,2498,3068,3222,3131,3342,3531,3204,3277,3363,3269,3124,3052,2721,2979,2944,2625,2511,2824,2760,2979,3326,3620,3701,3545,3461,4008,4383,3564,3360,3374,3043,3235,2993,2732,3160,2951,2568,2910,3654,4041,3998,3586,3138,3713,3969,3529,3380,3327,3366,3773,3552,3643,3442,3682,3610,3599,4071,3814,3909,3918,3988,3815,3663,3832,3929,3323,3235,3636,3194,3629,3987,3042,2813,3417,3720,3722,3276,3734,3495,3125,3341,3032,3295,3480,4064,5387,5304,3932,3609,2997,3293,3091,3602,2071
0,17,35,1112,2738,2690,2983,2980,2817,3513,4326,2855,2323,2757,3062,3782,2790,3283,2942,3133,3293,3384,3423,3884,3683,3546,3733,2979,3396,3770,3427,3450,3910,4137,3921,3797,3621,3703,3521,3787,3712,3592,3510,3643,4010,3983,3364,3530,3734,2941,2927,3381,3078,3598,3027,2723,2841,2873,3905,3820,3378,3039,2723,3828,3532,2871,3070,3212,2772,2975,3290,3034,2963,3131,3421,3510,3482,3043,3051,3009,2641,2854,3175,3033,2706,3068,3006,3265,3264,3055,3194,3077,3017,3327,4197,3505,3292,3202,2942,2513,2652,2268,2602,2638,2525,3001,3253,3954,3242,3543,3333,4017,3671,3731,3768,3349,3693,3916,3376,3648,3414,3793,3636,3606,3651,3795,3535,3973,3978,3797,3790,4016,3983,3081,3373,3584,3529,4087,3353,2877,3537,3812,3940,3752,3270,3605,3250,3484,3307,3187,2953,3072,3251,3121,3571,3757,3491,3103,3282,3093,3755,2340
37,7,17,713,2771,2478,2695,3114,3388,3844,3118,2506,3020,2851,2888,2841,3028,3630,2989,2998,3466,3094,2676,2824,2980,3684,3595,3350,3725,3482,3371,3768,3697,3905,4034,3886,3933,3980,3502,3417,3786,3495,3272,2902,2349,3548,3922,3572,3390,3707,3851,3485,3347,3548,3251,3772,3407,2848,3058,3113,3139,3141,3051,3253,3377,3185,3095,3140,2649,2870,3230,3034,2395,2963,3027,3015,3010,3162,3115,2878,2449,2834,2891,2918,2775,3080,3479,3419,3115,2518,2806,3252,2807,3007,2841,2975,3378,4176,3746,3446,3754,3101,2627,2425,2852,2984,3147,3419,3248,3294,2993,3102,3354,3482,3740,3349,3416,3633,3562,3453,3580,3532,3410,3186,3545,3610,3623,3890,3926,3821,3855,3758,3893,3386,3530,3558,3341,3348,3272,3392,3397,3996,4103,3718,3735,3520,3072,3130,3317,3321,3101,3062,3306,3283,3544,3682,4039,3595,3395,3372,4127,2548
20,13,19,51,1880,2820,3422,3871,3720,3909,3036,2622,2913,2958,2844,2989,3015,2904,2877,3203,3404,3375,3640,3454,2975,2691,3286,3308,3536,3833,3561,3557,3636,4064,4063,3913,4053,3703,3970,3902,3264,3216,3171,3497,3364,3557,4053,3274,3434,3507,3807,3415,3579,3803,3679,3806,3395,2838,2754,2374,2970,3351,3525,3245,3066,3208,3621,3445,3054,2793,3112,3046,3317,3235,3288,3099,3109,3224,3299,3276,3019,2572,2740,3155,3148,3055,3303,3141,2889,3017,3079,3300,3089,3432,3553,3046,3227,3647,3469,3432,3310,2703,2899,3181,3314,2780,2644,3150,3427,3664,3384,3302,3502,3582,3799,3388,4012,4156,3522,3390,3287,3268,3721,3335,3014,3450,3594,3666,3633,3810,3721,4059,4010,3733,3151,2773,2867,3345,3639,3678,3910,3931,3915,3394,3259,3534,3674,3675,3013,3179,3192,3584,3449,3688,3423,3082,2994,4017,3488,3066,4205,1970
20,16,20,3,210,1044,2815,2665,2738,3090,2880,3256,2945,2746,2771,2854,2843,2784,2860,2942,2983,3617,4201,3831,2966,2740,3027,3044,2852,3554,3534,3708,3967,4140,3951,3613,3956,3931,4082,3680,3188,3483,3763,3674,3674,3229,3475,3428,3173,3127,3164,3077,3411,3222,3402,3360,3572,3077,2993,2740,2559,3096,3541,3382,3395,3159,3036,3422,2947,2819,3055,3368,3308,3115,2866,3136,3168,3455,3258,3064,2775,2476,2678,2610,2778,3437,3299,2931,3105,3249,3175,3141,2897,2632,3071,3060,2974,3270,3587,3505,3358,3365,3618,4141,3510,3030,3492,3475,3100,3369,4021,3821,3864,3578,3508,3705,3703,3589,3178,2860,3078,3651,3649,3731,3478,3617,3425,3590,3851,3839,3555,3796,3883,4073,3946,3817,3589,3476,4538,3753,3436,3329,3490,3450,3223,3313,3770,3878,3405,3448,3540,3687,3495,3061,3053,2920,2973,3333,3102,3139,4711,1429
10,4,12,25,20,185,1699,2374,2816,3031,3410,3613,3140,3024,2975,3040,2438,2771,2994,2516,2968,3292,3341,3181,2950,3137,2941,2331,2700,3100,3292,4062,3819,3732,3764,3598,3958,3723,3787,3713,3637,3112,3906,3748,3525,3742,3530,3968,4022,3512,3233,3444,3727,3375,3575,3273,3019,3514,4021,3445,2465,2723,3068,3160,3396,3366,3002,2807,2696,3140,3029,2897,3140,2836,2447,2495,2836,2976,3158,2488,2397,2577,2628,2399,2654,3258,3044,3076,3371,3270,3160,3031,2972,3208,3016,3136,3543,3685,3420,3536,3215,3685,3211,3475,2887,3070,2887,3282,3650,3676,3357,3121,3164,3389,3298,3732,3422,3608,3683,3325,3325,3340,3334,3506,3653,3830,3764,3920,3820,3994,3944,4099,3939,3855,3426,3466,3734,4179,3858,3019,2921,3367,3730,3584,3462,3585,3685,4101,3546,3336,3337,3836,3601,2981,3581,3126,3101,3092,3053,3716,4998,391
0,17,12,25,63,2255,2787,2462,2799,3117,2688,2973,2510,2787,3337,3054,3197,3033,3114,2813,2956,3205,2800,3049,2861,2822,2672,2391,2627,3204,3273,3649,3902,3582,3892,3653,3283,3543,3673,3818,3749,3450,3408,3584,3034,3093,3686,3518,3825,3681,3240,3670,4055,3579,3436,3555,3710,3375,3751,3649,3071,3157,3040,3222,3239,3423,3334,3028,3076,2819,2785,2890,2730,2434,2497,2832,2837,3301,2947,2562,2706,2588,3035,2679,3224,3593,3344,3203,3638,3671,2991,2930,3037,3394,3323,3062,3478,3269,3020,3018,3556,3288,3289,3801,3197,2559,2589,3189,4059,4131,3568,3277,3590,3575,3789,3867,3494,3567,3434,3842,3325,3128,3599,3814,3933,3906,3872,3871,3793,3611,3894,3625,3448,3134,2875,3140,4179,4543,3638,3130,2971,3331,3722,3632,3390,3482,3576,3132,3126,3036,3202,3030,3123,3464,3898,3187,3338,3226,3201,4710,4053,93
8,20,6,13,32,1045,2520,2625,2592,2853,2512,2341,2287,2327,2916,3626,3595,2802,3247,3201,2903,3219,3473,3247,3134,3650,3714,4095,3952,3360,3435,4073,4109,3626,3695,3537,3692,3784,3859,3941,3924,3660,3798,3514,3403,2145,1361,2600,3731,3645,3487,3905,4112,3216,3102,3445,3694,3639,3212,2926,3292,3268,3697,3226,2803,3289,3631,3254,3222,3308,3294,3307,2465,2366,2848,3671,3782,3832,3848,3616,3787,3193,2857,2576,3034,4069,3916,3124,3177,3036,2928,3310,2899,3479,3388,3328,3562,3445,2962,3354,2920,2805,3017,3360,2949,2896,2605,3077,3886,4557,4324,3395,3621,4324,3591,3711,3699,3676,3351,3846,3707,3586,3662,3986,3774,3650,3680,3437,3690,3550,3620,3488,3542,4463,3222,3511,3787,3734,3618,3865,3176,3681,4528,3695,3363,3241,3234,3340,3140,2987,3078,3017,2947,3284,3340,3144,3194,3047,4117,5333,1872,4
12,5,23,10,41,1764,2568,2738,2825,2249,2821,2521,2709,2912,3014,2911,2431,2633,3116,3093,3084,3135,3583,3257,3271,5546,3990,4179,4319,3394,3738,4133,4114,3973,3731,3938,4037,3811,3821,3921,3738,3706,3685,3825,3466,3597,2949,2909,3597,3414,3215,3790,3545,3381,3603,3191,3484,3325,3389,3006,3308,4177,3889,3639,2973,3498,3359,3365,3504,3402,3229,3282,3168,2846,3188,3606,2576,3353,3442,3236,3482,3423,3085,2711,2598,3633,3404,2503,2470,2879,3487,3377,3056,3169,3407,3238,3310,3310,3019,2825,2906,2908,2685,3265,3288,2873,2633,2264,3276,3683,3934,3620,3734,4117,3603,3319,3115,3421,3199,3495,3676,3386,3823,4012,3858,3702,3617,3849,3858,3600,3796,3628,3462,3422,3370,3436,3633,4303,4142,3562,3467,3399,3888,3679,3205,3150,3220,3410,3333,3398,3120,3050,3300,3411,3630,3458,3029,2716,3020,4736,2272,37
12,22,21,9,10,1072,3072,3234,3258,2498,2544,2770,2913,2862,3099,2794,2766,2905,2888,2755,2966,3391,3559,3338,3446,5389,3716,3071,3494,3194,2995,3340,3703,3445,3505,3343,3744,3605,3895,3823,3739,3924,3777,2913,2845,3480,3378,3719,3624,3454,3461,3191,3402,3315,3746,3419,3485,3379,3741,4040,4707,4533,3226,3413,3426,3036,2949,3254,3494,3627,3254,3707,3478,2832,3208,3272,3007,3069,2920,2777,2569,2930,2920,2735,2623,2812,2886,2651,3101,3058,2768,2808,2759,2922,3134,3024,2821,3349,3081,3136,2960,3216,3127,3267,3837,4318,3076,2827,3919,3580,3284,3554,3777,4236,3336,3309,3301,3415,3613,3641,3622,3765,3833,3699,3918,3843,3587,3810,3876,3336,3801,3784,4024,4186,3431,3484,3106,3348,3638,3614,3102,3335,3168,3256,2983,2957,3381,3319,3711,3259,3261,3516,3088,3239,3548,3408,3171,3002,2437,3872,1440,22
22,18,24,10,28,888,3441,2645,2982,3193,3392,3301,2922,2439,2559,2797,2790,2814,2875,2370,2663,3152,3463,3155,2942,5005,3785,3286,3338,3107,3131,2291,3281,3110,3679,3356,3501,3608,3749,3590,3613,3989,4071,4007,3445,4030,3784,3667,3235,3038,3833,3438,3425,3321,3273,3701,3567,2947,2966,3853,4197,4874,3093,3319,3896,4006,3224,3381,3711,3332,3272,4132,4535,3697,3053,3182,3266,3234,3001,2785,2182,2126,3042,3083,2904,3070,3095,3462,3587,3186,2660,3030,3240,3088,3208,3051,3133,3549,3491,3603,3321,3354,3252,3055,3359,4088,3405,3228,4307,3730,3323,3424,3694,4428,3133,3277,4030,3244,3171,3699,3737,3798,3723,3697,3780,3444,3432,3499,3631,3468,3630,3496,4218,4815,3553,4207,4243,3383,3108,3914,3484,3701,3736,3500,3229,3018,3273,3214,3582,3541,3407,3561,3217,3399,3255,3365,3103,2655,2656,4440,477,35
10,16,21,9,28,203,2089,2477,2990,4145,3876,2619,2590,2809,3179,3216,3074,2828,3098,2754,2824,3041,3110,3073,2776,3455,2728,2708,3261,4228,3714,2774,3548,4202,3908,3789,3823,3664,3581,3611,3882,3783,3732,4058,3925,3518,3458,3633,3660,3378,3464,3568,3599,3718,3379,3759,3541,3643,3229,3316,4143,4448,3512,2879,3549,3403,3306,3627,3540,3439,3837,3628,3802,3354,3264,3522,3832,2996,2880,2516,2182,2355,3122,3293,3235,3227,3227,3249,3136,2987,3111,3469,3248,3145,3135,3034,3970,4323,3441,3606,3347,2837,2863,3259,3691,4059,3588,3706,3953,3436,3318,3566,3581,4073,3613,3357,3846,3705,3273,3370,3659,3785,3959,3788,3699,3514,3666,4004,3727,3647,3681,3564,4019,4209,4296,3606,3985,4216,4848,4370,3290,3049,3141,3547,3445,2918,3038,3111,3119,3204,2924,3115,3400,3386,3087,3155,3094,2610,2814,4063,146,10
16,17,15,11,31,16,333,2392,2651,3018,2450,2716,2784,2910,2958,2823,2750,3149,4085,3377,2909,3147,3364,3424,3054,3446,3084,2376,3493,4206,3724,3507,4735,4462,4002,3758,3678,4025,3746,3979,4323,4062,3850,3924,4098,3909,3332,3046,3315,3284,2976,3397,3252,3546,3741,3329,2795,3240,3408,3035,3304,3147,3356,3092,3505,3177,3729,3636,3639,3353,4361,3687,3414,3369,3375,3693,3599,3372,3208,2905,2643,2538,2560,2897,3141,3111,3256,3070,2833,2546,2911,3121,2965,3296,3428,3235,3389,3963,3296,3513,3618,3040,3009,3302,3003,3166,3418,3741,3668,3780,4155,3861,3343,3391,3770,3909,3660,3978,3749,3360,3619,3645,3915,3845,3600,3631,3329,3695,3868,3663,4059,3878,3931,3360,3617,4107,4032,3648,4167,3265,3315,3413,3312,3777,3600,3008,3192,3401,3119,3411,3043,3363,3114,2956,3051,3240,3093,2712,2905,3592,45,38
2,3,21,21,19,11,190,2346,3190,2852,3066,3162,2756,2593,2683,2446,2523,2719,2805,2663,2732,3617,3306,3443,3389,3367,3422,2773,3475,3337,2962,2858,4109,4105,3894,3861,3462,3678,3479,3694,3773,4016,4084,4206,4061,3948,3512,3591,3598,3315,3150,3156,3393,3600,3870,4119,3420,3470,3384,3473,3395,3022,3349,3494,3555,3352,3236,2888,2990,3213,3553,3534,3446,2977,3307,3507,3075,3103,3274,3052,3359,3190,2947,2906,2883,3135,3113,2546,2810,2772,2858,3153,3582,3836,3291,2856,2942,3328,3300,3430,3324,3075,2842,2983,2898,2837,2837,4047,3791,3203,3571,3739,3072,3228,3599,3568,3753,3895,3897,3527,3761,3952,4180,3797,3632,3912,3586,3762,4143,4180,3969,3729,3883,3602,3184,3519,4417,3497,3006,3343,2836,2974,3410,3759,3476,3217,3475,3872,3537,3824,3133,2996,3617,3827,3726,4060,3131,2183,3773,1904,30,25
12,11,0,9,27,5,21,1053,2798,2764,2913,2901,3138,2765,2932,2608,2609,2594,2909,2838,2810,4176,3329,3528,3768,3701,2872,2958,2685,2870,3961,3811,3255,3204,3451,3777,3788,3211,3779,3788,4055,3876,4272,4211,4011,4053,4170,3642,3372,3279,3334,3128,3179,2974,3271,3594,3300,3304,3263,3391,3123,3312,3832,3287,3068,3693,4134,3731,3484,3441,3548,3223,3195,3377,3472,2846,2942,3456,2854,2766,2959,2752,3257,3401,3401,3226,3111,2582,3077,3302,2938,3208,3996,4579,3823,3527,3121,3394,3477,3088,3320,3760,3186,3089,2959,2980,2946,4240,4737,3435,3332,3201,3433,3333,2992,3444,3762,3614,3647,3626,3694,3657,4110,3919,3549,3458,3602,3846,4203,3926,3992,3723,3659,3398,3087,3197,3657,3427,2844,3172,3002,2376,2829,3335,3141,2955,3148,3267,2946,2892,3098,3210,3407,3313,2682,2821,2489,3123,4546,328,0,18
14,30,22,0,8,9,349,1525,2807,2842,2746,2635,2907,3467,3267,2678,2673,2630,2928,2791,2693,3637,3955,3871,3231,3097,3247,3130,2493,2575,2897,3254,3044,3548,3653,3465,3351,3712,4146,4209,4413,4137,4138,3927,4204,4145,3730,3725,3382,3319,3672,3867,3206,3271,3384,3753,2922,2724,3030,3367,2901,3234,3923,3116,2782,3499,3806,3610,3625,3291,3418,2967,3298,3595,3686,3374,3281,3247,2876,2843,2997,3093,3028,3068,3128,3474,3436,3293,3548,3597,3145,3565,4184,4000,3329,3311,3645,3601,3684,3658,3913,3592,3325,3568,3586,3262,3934,4030,3601,3737,3621,3078,3680,3119,3791,3630,3712,3766,3707,3747,3850,4038,4068,4134,3765,3792,3791,3783,3818,3774,3542,3569,3995,3697,3438,3191,2965,2977,2740,3377,4298,2898,2921,3278,2793,2857,3067,3179,2959,3020,3383,3277,3374,3401,2904,2564,2833,3725,2526,32,13,23
8,4,32,4,32,158,1643,413,3060,3333,3118,2887,2735,3005,3474,3880,2880,2929,3093,2942,2536,2819,3273,2959,3031,2744,3047,2999,2665,2807,3124,3236,2674,2484,2861,3766,3967,3378,3169,3430,3667,4091,4269,4276,3922,3999,3915,3853,3883,3285,3413,3582,3312,3498,3844,3714,3536,3270,2853,3154,3093,3262,3950,3706,3459,3302,3422,3267,3479,3183,3328,2909,3097,3473,3314,3518,3427,2874,2969,3028,2946,2913,2960,2651,2476,3237,4143,3783,3706,3941,3465,3286,3238,3378,2981,3118,3414,3150,3554,3933,3723,3637,3714,3679,3525,3759,4083,3749,3263,3424,3643,3655,3645,3578,3865,3602,3599,3384,3791,3936,3741,3940,4145,4113,3784,3883,3804,3614,3790,3959,3208,3119,3217,3102,3084,3100,2816,2847,2880,3207,3892,3213,3103,3340,3225,3066,3005,3166,3096,2801,3098,2861,3211,3123,2671,2526,3130,3238,2143,15,7,37
26,21,12,36,27,34,60,0,719,3289,3623,3371,3113,2941,2531,3225,3025,3384,3606,3266,2910,2542,2381,2494,2787,2719,3094,3495,3358,2866,3751,3700,3498,3089,2697,3373,3961,3170,2764,3304,3556,4082,4081,3813,3849,3756,3871,3849,3639,3669,3589,3756,3464,3461,3343,3577,3182,3222,3252,3473,3842,3861,3883,3522,3406,3273,3422,3457,3644,3531,3554,3123,3441,3495,3891,3718,3394,3213,3691,3393,2869,2760,2856,3378,3163,3024,3259,3483,3083,3425,3095,3209,3067,3212,3502,3781,3768,3155,3190,3316,3695,3559,3793,3382,3259,3583,3491,3595,3541,3545,3117,3443,3725,3887,3756,3556,3279,3428,3537,3360,3747,3702,3410,3663,3487,3902,3928,3570,3574,3221,3067,2873,2556,2851,3657,3558,3033,3285,3092,2882,3037,2833,3137,3000,3044,3011,2836,3289,3530,3491,3394,3738,3108,3138,2975,2850,2898,2724,1135,33,7,12
0,13,12,10,17,31,15,1,44,1419,2922,2677,2724,2474,1732,2235,2748,2881,3060,2548,2507,2454,2929,3211,2922,3101,3259,3674,4211,3226,2548,2810,3290,3213,3029,3217,3938,3245,3221,3220,3028,3781,3790,3998,4127,3885,4137,3798,3701,3517,3613,3552,3627,3695,3317,3171,3315,3627,3806,4125,4493,3751,3322,3533,3386,3245,3271,3309,3339,3380,3635,3581,3714,3567,3433,3394,3824,4044,3891,3794,3401,2943,3063,3605,3339,2639,2819,2913,3079,3318,3578,3973,3892,3464,3479,4122,3849,3175,3537,4002,3681,3425,3424,3610,3580,3661,3643,3726,4052,3830,3523,3981,3816,3660,3685,3859,3625,3691,3710,3692,3596,3499,3666,3606,3474,3688,3957,4403,3370,2933,2689,3018,2620,3173,3544,3350,3368,3440,3047,3453,3679,3221,3127,3037,3045,3133,2796,3547,4203,3401,4096,4940,3557,2894,3334,3633,3522,3592,642,12,14,9
4,16,0,23,24,14,23,21,0,143,1658,2628,2727,3145,2747,2567,2402,3240,2559,2545,2772,2753,2850,2575,2803,2783,3034,3870,4168,2512,2380,2729,3123,3427,3383,3068,3659,3935,3683,3173,2581,3076,3670,4217,4124,4050,4158,3609,3220,3676,3587,3475,3979,3769,3671,3343,3432,3687,3516,3366,3220,3351,3555,3596,3907,3696,3108,2682,2840,3074,3189,3215,3893,3782,3249,3023,3252,2984,2951,3119,3193,3176,2992,3078,3139,2671,3042,3480,3292,2970,3565,3986,3922,3556,3210,3170,3047,3027,3471,4242,3690,3731,3353,3541,3492,3527,3711,3837,3807,3605,3779,3648,3868,3516,3419,3615,3729,3908,3948,4025,3729,3617,3449,3691,3286,3199,3642,3828,3372,3015,2837,2737,2782,3189,3197,3093,3195,3665,3323,3350,3038,3476,3401,3112,3821,2939,2940,3380,3783,3444,3541,4577,3986,3166,3126,2873,2991,4212,1374,14,26,11
20,1,6,35,9,9,24,12,22,26,839,3377,2719,4013,4493,3646,2313,2131,2361,3140,3399,3333,3078,2859,2572,2718,2841,3008,3742,3724,3354,3283,3477,3711,3559,3266,3313,3771,3353,3377,3271,3432,3795,4156,4093,4110,3862,3649,3515,3714,3489,3653,3697,3300,3449,3539,3551,3301,3160,3323,3002,3162,3718,3682,3778,3484,3359,2979,3676,3724,3506,3469,3589,3655,3424,3648,3976,2840,2411,2778,2961,2997,2870,2804,2716,2455,2877,3576,3185,2872,3331,3776,3739,3509,3264,3494,3586,3310,2975,3049,3365,3447,3720,3727,3506,3455,3584,3580,3816,3618,3624,3404,3610,3486,3310,3542,3950,3853,3932,3780,3617,3382,3651,3486,3278,3081,3293,3138,2905,3225,3011,2907,2814,3068,3193,3176,3302,4011,3193,3174,3234,3675,3385,3214,3364,3365,3070,3059,3369,4024,3546,3250,3343,3708,3362,2818,2697,3609,592,12,28,39
35,7,27,1,25,4,0,3,22,12,95,2057,2543,2340,2579,2747,2519,2602,2761,2920,3328,3308,2950,3088,3369,3161,3006,2383,2643,3336,3056,3357,3840,3722,3538,3069,3242,3098,3170,2967,3241,3374,3567,3521,3723,4092,4259,4108,4023,3584,3596,3878,3513,3591,3519,3634,3768,3531,3384,3197,3055,2942,3303,3441,3765,3639,3567,3878,4115,3398,3144,3124,3539,3631,3562,3303,3520,2630,2550,2878,2947,2694,2923,2963,2302,2571,3159,4072,3955,3547,3163,3522,3583,3519,3254,3480,4057,4357,3607,2955,3010,3185,3083,3236,3258,3443,3440,3654,4032,3818,3434,3572,3594,3471,3516,3477,3986,3500,3592,3440,3712,3900,3353,3815,3935,3171,2522,2872,2921,3087,3255,2647,2624,2759,3301,3239,2967,3252,2844,2992,3331,3656,3203,2944,3154,3056,2800,2724,2774,3123,2800,2998,2939,2893,2962,2878,3403,3953,158,3,5,17
0,25,0,28,13,32,16,7,8,30,26,1177,3607,3143,2802,2840,2880,2810,2504,2653,3143,2901,2728,2587,3162,2822,3446,2615,2330,2674,2703,1457,1497,1457,2044,2746,2799,2611,2767,2850,2723,3127,3649,3365,3626,4035,4289,4220,3737,3750,3576,3908,3463,3619,3597,3568,3716,3740,3461,3223,3021,3024,2902,3107,3179,3368,3645,4730,4576,3763,2851,2786,3229,3333,3144,2727,2879,2668,2622,2830,2943,2689,3128,3638,3110,2695,2946,3468,3732,3507,3083,2999,3056,3334,3276,3171,3889,4141,4391,4119,3709,3604,2991,3270,3265,3218,3563,3488,3901,3692,3429,3399,3311,3674,3522,3468,3689,3520,3372,3185,3770,3447,3593,3785,4566,3406,2749,3161,3231,2990,2950,3020,2618,2899,3018,3055,2962,2999,2899,3147,3211,3071,3122,3431,3362,2986,2922,3205,3021,2848,3064,2990,3365,2995,2981,2950,3510,3217,88,18,18,19
35,13,21,5,0,10,4,10,2,20,23,696,3505,2918,2488,2608,2604,2796,3112,2752,2996,3197,2887,2701,2373,2643,2948,2810,3063,3426,3769,2110,363,831,2356,3150,2675,2140,1521,1116,1115,1941,2204,2308,3066,3515,3995,3855,3558,3520,3431,3330,3187,3575,3421,3197,3311,3526,3393,3329,3606,3337,2717,2577,2845,2871,3343,3566,3361,2719,2938,2852,2946,3377,3676,3130,3162,3126,2523,2386,2478,2648,3079,3454,3102,2544,2704,2801,2812,2973,2679,3151,3272,3514,3134,3070,2716,3406,3755,3687,3430,3376,3440,3245,3028,2944,3508,3701,3747,3399,3414,3487,3582,3471,3768,3272,3351,3504,3708,3571,3769,3369,3437,3160,3059,2684,2660,2999,3407,2877,2801,2699,3032,3260,3113,2996,3119,2758,2678,2839,3126,2796,2987,3252,2928,3192,3447,3341,3059,3169,3229,3467,3399,3121,2758,2765,3793,2255,24,23,31,20
10,10,18,2,18,19,2,18,5,4,22,313,3611,2517,2352,2282,2430,3221,3225,2933,2867,2769,2917,2729,2645,2792,2871,3058,3401,3332,2739,2670,3089,3173,2864,3073,2778,2248,1316,642,433,1391,3072,2627,2749,3123,3644,3802,3575,3642,3264,3094,3415,3310,3515,3076,3436,3552,3656,3909,3918,3387,3016,2882,3283,3010,2995,3080,3291,2997,2893,2769,2895,3507,3762,3672,2934,2790,2938,2642,2730,2505,2713,3395,3172,2422,2431,2644,2711,2300,2966,2971,3256,3769,3398,2816,2639,3070,2559,2738,2566,3666,3318,2920,3482,3461,3388,3503,4259,3858,3583,3568,3867,4351,3715,3583,3647,3990,3779,3774,3519,3598,2466,2324,2537,2704,3071,2980,2662,2697,3192,3691,3701,2896,2681,2792,3435,3258,3126,3534,3872,3115,3001,2681,2896,2972,3178,3242,3196,3173,3439,3143,3365,3292,2723,2809,4590,812,16,9,13,2
20,15,24,2,3,26,27,0,2,29,7,86,2835,2853,1970,2479,2509,3134,2941,2163,2425,2668,2798,3037,3478,2524,2625,3134,3239,3104,2790,2721,3095,3090,3630,4029,3615,3321,3521,3196,2984,3598,3837,2786,3271,4053,3991,3771,3823,3883,4109,3787,3914,3718,3493,3563,3717,3343,3376,3521,3746,3228,3258,3228,3104,2829,2932,2842,3108,2870,3018,2855,3453,3879,3267,2773,2444,2725,3419,3468,3307,3015,2597,2954,3322,3211,3067,4130,3432,3002,3169,2592,2892,3219,3266,2961,2880,3697,3247,2906,2651,3687,3437,3194,3480,3382,3077,3143,3987,3937,3580,3408,4292,4055,3678,3844,3902,3769,3786,4148,3555,3023,2609,2543,2605,2590,2761,2858,2682,2601,2256,2882,3390,3039,2762,2731,3247,3551,3177,3208,4149,3198,2526,2426,2868,3116,2889,3246,3385,3090,3335,3156,3111,3319,3256,3857,3989,39,20,9,16,24
16,0,11,46,0,20,26,16,30,29,13,45,2311,2664,2238,2229,2125,2685,2416,2278,2507,2781,2691,3008,3398,3189,2592,2926,3399,3201,2591,2831,2822,2512,2926,3694,4295,4742,4199,3894,3776,1980,801,1015,2134,3009,3631,3173,3189,3924,4268,4101,3845,4014,3504,3415,3536,3781,3686,3418,3018,3415,3466,3502,2904,2983,2951,2802,3116,3113,2758,2841,2733,3000,2962,3117,2526,2738,3465,3667,3247,2773,2912,3159,3365,3187,3768,3182,3344,3524,3814,3553,3239,3411,3086,3218,3237,3115,3030,3027,3477,3654,3104,3001,3379,3465,3590,3434,3537,3493,3573,3829,3850,3821,4006,3979,3942,3712,3877,3638,2855,2303,2365,2826,3146,2542,2634,3079,2906,2325,2238,2884,3500,3217,2863,2736,2960,3109,2814,2924,2894,3104,2483,2595,2856,3596,3012,3125,3203,3552,3207,3252,3537,2881,3085,5659,2556,14,29,8,10,13
37,27,16,24,23,0,22,23,0,7,12,24,1546,2785,2061,2440,2614,2809,2732,2982,2616,2560,2505,2354,2699,3353,2819,2701,3140,3230,2835,3194,3254,3163,2884,2823,3254,4279,3658,3536,3714,2646,2156,2490,2494,2207,2586,2365,3037,3409,4013,3901,3577,3586,3657,3370,3646,3829,3517,3180,2890,3043,3578,3219,2838,2769,2983,2916,2859,2774,2951,3022,2834,2627,2741,2672,2671,2874,2929,3038,2951,2463,2264,2481,2450,2577,2751,2718,2595,3172,3523,3685,3408,3276,2939,2886,2719,1941,2284,2788,3227,3145,3174,2873,3428,3432,3540,3441,3473,3609,3457,3582,3739,3800,3818,3699,3667,3076,3605,2986,2429,2660,2827,2915,3309,3487,3682,3643,2854,3293,3610,3404,3518,3513,3432,2945,3045,3009,2627,2555,2619,3958,3827,3295,2838,3083,2914,3122,3335,3163,2976,3134,3074,2572,2947,5542,390,34,10,6,17,27
4,25,13,21,6,17,21,17,21,17,21,28,598,2998,2595,2521,2897,2766,2458,2637,2576,2517,2718,2765,2497,2392,2246,2824,2588,2999,2428,2558,2844,3464,2665,2524,2568,2723,3010,3724,4115,3397,2706,2761,2501,2409,1882,2136,2761,3066,3229,3214,3610,3714,3780,3485,3429,3498,3294,3130,3026,2993,3400,3428,3303,2979,3400,3494,3396,3216,3090,2971,2835,2379,2379,2364,2690,3070,2830,2705,2884,2637,2613,2660,2323,2448,2633,2854,2868,3289,3524,3531,3268,2651,2942,2994,2423,2421,2497,2704,3088,3293,3143,3083,3268,3204,3060,3078,2974,2932,3279,3526,3269,3430,3264,2994,3681,3926,3528,2882,2322,2211,2543,2682,2796,2718,3400,3414,2698,3154,3613,3362,3144,3450,3510,3160,3406,3307,3268,3245,3112,3781,4157,3136,2621,2860,3078,2822,2437,2868,3008,3006,2947,3156,4215,2958,23,18,4,1,13,13
12,10,13,26,18,27,21,33,16,19,7,17,88,2647,2516,2598,3163,3003,2768,2858,2884,2803,2922,2999,2859,2528,2381,2534,2672,3494,2775,2421,2517,2983,2653,2797,2791,2731,2639,3411,3446,2847,2143,2235,2709,2719,2645,3068,2942,3312,3467,2629,3173,3696,4035,3731,3599,3294,3136,2951,2971,3240,3262,3059,3067,2596,3515,3683,3172,3085,3289,3699,3257,2694,2634,2803,2752,2721,2699,2692,2823,2888,2895,2927,2527,2629,2684,2639,3168,2894,2743,2908,2976,2922,3250,3338,2896,3102,3173,3212,3512,3221,2948,3008,2915,3062,3146,3324,3197,2979,3367,3375,3370,3299,2523,1948,2898,3157,2678,991,1013,2452,2802,3188,2668,2198,2799,3134,3003,2759,3528,3707,3266,3213,3047,2922,2564,3144,3052,3095,2771,2828,2790,2897,2955,3274,3271,2798,2603,2650,3359,3202,2856,3271,5556,956,18,29,43,8,0,19
6,14,2,12,7,13,8,19,24,2,0,9,19,1220,2690,2576,2282,3189,2782,3147,2702,2770,3045,3100,2544,2654,2793,2688,2531,2968,2721,2646,3114,2967,2858,3354,2927,2743,2921,2656,2802,2630,2797,2558,2959,3427,3138,2803,2656,2733,3088,2684,3048,3156,3238,3381,3289,3251,3337,3175,2895,3332,3370,3142,3175,2840,3382,3558,3268,2814,3243,3413,3519,3244,2699,2978,2826,3002,2756,2866,3204,3156,2958,2887,2872,2734,2734,2683,2663,2553,2456,2368,2598,2592,3008,3267,3291,3289,3331,3233,3439,3317,3051,2681,2818,3099,3145,3135,3816,3924,3631,2739,2793,3084,2765,2488,2296,2602,3521,2695,2406,3117,3047,3260,2446,2432,2777,3021,2975,3023,3415,3033,2987,2995,3007,3004,3066,3312,3293,3183,3000,2833,2873,3013,3198,3079,3746,3172,2877,3032,3271,3523,3524,4512,3441,43,3,33,14,16,19,24
18,24,19,10,11,18,11,25,14,10,37,31,22,215,2604,2753,2495,2478,2230,2600,2760,2474,2496,2588,2496,2644,3160,2594,2455,2633,3133,3243,3077,2864,3096,3492,2925,2926,3258,2598,2345,3002,2857,2953,3260,3116,2957,2562,2166,2153,2383,2868,3195,3180,2680,2996,3120,3100,2930,3101,3227,2972,3123,3339,3486,3092,3768,3951,3484,3053,2860,3235,3265,3063,2805,2776,2572,2628,2922,2632,2480,2551,3230,3136,3034,2631,2853,2945,2884,2578,2653,2688,2650,2682,2857,2967,3705,3501,3427,2964,2989,3164,3184,3274,3109,3155,3071,3198,3736,3841,3337,2965,3036,3056,2583,3087,3372,2873,3658,3487,3052,3185,3952,3841,2943,2800,2762,2988,2960,3019,2971,3021,2955,2991,2982,3259,3353,3354,3268,3191,3033,3181,3074,3418,3236,3300,3545,3194,3148,3175,3029,2993,3629,4833,368,22,13,0,20,15,4,16
0,20,20,19,7,22,21,24,28,13,33,4,26,12,1607,3430,2594,2247,2038,2480,2722,2495,2879,3016,3051,2929,2918,3003,2850,2829,3024,3187,2971,2745,2703,2671,2503,2661,3163,2959,3192,3454,2892,2721,3005,3057,2847,2369,2246,2674,3608,3815,3496,2844,3145,2349,2546,2553,2619,3058,3369,3015,2905,3052,3332,3056,3501,4519,4054,3326,3298,3447,3583,3425,3104,2391,2270,2546,2416,2718,2787,2368,2447,2856,2687,2790,2682,2620,2775,2766,3242,3138,2590,3368,2926,2821,3295,3768,3697,3094,3168,2939,3245,3815,3717,3278,3046,2981,3099,2850,2740,2869,2610,2390,2532,2789,3061,2768,2969,3544,3370,3715,4109,4208,3312,2759,2817,3071,3150,3069,2960,3009,3042,3041,2992,3157,3338,3179,3284,3175,3452,3316,3133,3102,3294,3020,3114,3584,2949,2990,2877,2904,5096,1764,5,9,8,21,20,10,21,13
10,5,29,17,21,6,28,1,29,10,8,10,30,14,143,2473,2292,2192,2799,2615,2856,2530,2783,2677,2444,2646,2804,2763,2746,3041,3320,2611,2737,2621,2522,2731,2585,2405,2540,2977,2951,2981,2946,2630,2922,3120,3256,2994,2573,2732,4525,4515,3481,2481,2834,2427,3250,3020,2288,2765,3688,2862,2732,2968,2947,2622,2529,3669,3570,3357,3369,3546,3400,3013,2626,2374,2324,2577,2301,2429,2401,2421,2234,2201,2079,2313,2568,2632,2792,2804,3142,3564,3032,2889,2951,2977,3099,3518,3332,3070,2992,2980,3565,3877,4088,3956,3481,3000,3025,2709,2899,3260,3159,2856,2719,2912,2787,2781,3017,3257,3121,3794,3569,3116,2888,2761,2704,2535,2974,2852,3003,3365,3301,2795,2721,3075,3307,3384,3254,3245,2607,2989,2809,3058,3083,2926,2917,3187,3216,3140,3162,3570,3925,85,30,1,0,27,19,1,18,13
0,5,25,38,28,15,4,28,24,9,27,16,6,1,30,929,2810,2233,2373,2173,2996,3170,2713,2506,2577,2660,2746,2862,2769,3582,3499,2845,2756,2622,3002,2938,3132,2919,2759,2947,2922,2299,2648,2673,2742,2724,3590,3295,2625,2433,2870,4248,3088,2346,2369,3886,4746,4201,3936,3945,2862,2478,2642,2859,2825,2454,3292,2971,2628,2818,3011,3796,3402,3123,2608,2640,2551,2611,2337,2358,2220,2428,2459,2291,2261,2197,2777,2678,2627,2916,3402,3978,3572,2957,2954,2936,3294,3530,3245,3178,3148,3117,3019,3022,3157,3244,3295,3009,3249,3102,3133,2768,2804,2651,2642,3294,3091,2483,2733,2832,3220,3481,3103,2715,2900,2794,2973,3087,3219,3081,2764,3139,3338,3307,3454,3537,3444,2869,2874,2884,2770,2784,3112,3040,2912,3101,2786,2709,2839,2801,3255,5098,1621,21,18,17,17,13,46,23,2,18
24,21,28,19,5,17,0,23,23,23,11,6,5,19,17,39,2111,2387,2320,2266,2534,2796,2847,2643,2913,2966,2591,3798,3705,4078,3747,2735,2747,2520,3107,3074,3549,3142,2724,2751,2802,2717,2066,2354,2891,2811,3568,3624,2935,2701,2307,3046,4929,3140,2894,3754,3632,3726,4330,4945,4225,4410,3936,2745,2596,3179,3923,3254,2574,2815,3296,3612,3171,2820,2464,2652,2381,2570,2576,3037,3099,2815,2916,2729,2097,1635,2078,2731,2672,2649,2798,2976,3669,3830,3545,3065,3675,4040,3316,3165,3028,2942,2815,2985,3139,3047,3240,3550,3668,3464,3209,2939,3129,2769,2866,3191,3102,2876,2631,2718,3305,3643,3304,2801,3197,3142,2883,3203,3650,2919,2922,3404,3585,4116,4081,3237,3225,3032,3028,2995,3161,3127,3260,3141,3094,2868,3001,3062,3063,3189,5229,3112,77,20,13,0,28,0,0,22,4,20
6,13,1,2,9,3,9,43,18,0,31,6,17,13,9,31,325,3162,3375,2287,2677,3122,2958,2651,2846,3296,3127,3277,3041,3040,3086,2924,3182,3156,2869,2645,2547,3026,3058,2762,2801,2599,2623,2727,2830,2926,3605,3773,3198,2771,2576,3029,4007,3737,2637,2595,2875,2915,3606,4342,4829,4074,4048,3217,3189,3606,3434,3127,2317,2837,3153,3178,2765,2693,3090,3181,3105,2584,2632,2954,3346,3263,3326,2978,2410,2206,1869,2027,2514,2772,2656,2868,2791,3950,3408,3378,3272,3206,3140,3443,2839,2997,3437,2908,2817,2721,3131,3252,3085,3003,2924,2911,2669,3067,2862,2700,3179,3543,3510,3348,3183,3142,3156,2964,3169,3302,3062,2892,2931,3310,3303,3054,3069,3253,3422,3268,2996,3382,3274,3289,3120,3424,3781,3674,3064,3210,3337,3434,4148,5357,2642,70,21,16,4,14,4,6,6,0,23,37
10,7,4,17,37,13,27,31,6,24,25,29,28,9,0,28,28,819,2584,2680,4009,3517,2800,2398,2031,2639,3060,2411,2293,2794,3018,2881,2977,3151,2687,2645,2696,2603,2893,2978,2904,2558,3006,3097,3159,3197,3575,3929,3436,2786,2832,2794,3034,3064,2632,2353,2606,2928,2823,3103,3394,3060,2946,3370,3251,2765,2907,3813,2881,3233,3292,3004,2979,3295,2921,2755,3212,2564,2353,2387,3067,3335,3551,2901,2668,2635,2895,2958,2552,2700,2962,2438,2668,2763,2995,3333,2977,3062,2930,3314,3219,3089,3193,2951,3254,2998,3504,2969,2797,2545,2830,2700,2882,3191,3158,2879,2966,3217,3404,3463,3342,3031,2992,2888,2917,2713,3005,3108,2996,3239,3157,3492,3113,3081,3492,3341,3464,3318,3077,3701,3668,3738,3716,3590,3464,3891,5226,6374,4843,781,22,18,20,36,25,12,45,0,16,16,4,6
22,20,12,3,16,12,26,12,30,20,5,21,24,29,16,17,39,49,1585,3099,2744,2785,1926,1865,1839,2158,2972,2619,2799,3113,3409,2966,2790,2781,2679,3208,2649,2952,3181,2757,2819,3038,3820,3647,2996,3294,2730,3009,3126,2633,2585,2806,2870,3093,3036,2507,2491,2790,2688,3113,3132,2971,2846,3486,3754,2793,2540,2774,2629,2814,2996,3193,3312,2783,2639,2824,3033,3393,2633,2347,2333,2364,2305,2553,2328,2703,3978,3648,2735,3182,3468,2844,2520,2887,2933,3335,3335,3067,3604,3634,3487,3254,3237,3180,3139,3027,3037,3597,3328,2625,2920,3251,2880,2998,3195,3076,3034,3040,3169,3482,3303,2698,3000,3386,3772,3177,3218,2955,3322,2935,2978,3894,4091,3473,3506,3477,2958,3329,3322,4178,4627,5054,5003,5168,5945,6703,5251,1359,68,25,7,24,11,41,15,21,6,4,5,9,16,28
29,19,0,10,16,6,0,8,5,13,12,22,3,23,23,1,61,28,105,1985,1316,1876,1738,1886,2378,2798,2856,2463,3776,3582,2402,3516,3252,2832,2764,3129,3220,3209,3173,3133,2721,3177,4042,4604,3975,3162,3041,2943,3157,2831,2653,2746,2584,2159,2151,2112,2198,2465,3119,3187,3518,3027,2711,2694,2913,2963,3365,3651,2963,2653,2890,2608,3746,3540,3237,3346,2990,3129,2849,2964,2767,2689,2956,3033,2556,2649,3165,3494,3630,3047,3445,3253,2842,3334,2882,2835,3061,3049,3124,3288,3208,3280,3073,3210,2985,2887,2952,3875,4149,3527,3293,3185,2906,2879,3433,3232,3242,3211,2881,3114,2963,3214,2977,3462,3255,3305,3324,3371,3198,3162,3192,3646,3457,3168,3152,3229,3229,3267,4078,5369,6487,6727,6525,5503,3473,1058,103,28,14,27,7,13,35,31,6,20,15,18,15,12,34,13
20,17,13,17,18,17,12,5,18,14,11,22,34,0,0,20,9,12,19,136,2136,2842,1891,2661,2485,2563,2765,2461,3189,3750,2413,2768,4077,3191,2738,2937,3265,3327,3428,3417,3062,2676,1176,2225,3081,2727,2913,3092,3449,2766,2548,2878,2308,1815,1778,2248,2702,2855,3128,3165,3718,3360,3525,3215,2978,3074,3521,3308,3239,2708,2173,2504,2960,3055,3088,3211,3023,3443,2958,3323,3372,2833,3121,2941,2425,2729,2783,2890,2910,2560,3347,3328,2975,2883,3005,3260,3345,2938,2856,3051,3466,3127,3139,3214,3287,3482,3725,3908,3757,3050,2952,3017,2966,3021,3488,3026,3177,3160,2945,2805,2974,3082,3241,3019,3004,3142,3222,3223,3545,3502,3332,3353,3734,3738,3900,3421,3473,4122,6563,7491,5849,3161,1301,258,22,14,16,4,9,5,10,17,10,12,2,0,16,5,8,1,29,9
0,14,2,14,18,0,17,19,14,6,6,7,24,18,14,28,18,18,0,13,74,1666,3784,3820,2457,2419,2292,2574,2747,3523,3000,2960,3733,3405,3315,3887,3453,3113,3289,3341,3027,2607,1611,857,2896,3041,2660,2948,3286,3020,2885,3357,3188,2768,2402,2948,3011,2852,2861,3075,3977,3899,3751,3625,3686,3086,3104,2994,3311,2955,3019,3154,3361,2989,3297,3363,3263,3375,3352,3742,3595,2786,2718,2609,2566,2830,2946,2867,2836,2765,2717,3063,3202,3047,2907,3035,3300,3079,3428,3466,3696,2899,2921,3242,3804,3864,3862,3954,3597,3314,3009,2750,2980,2610,2891,2916,2968,2865,2475,3079,3572,3423,3227,3016,3133,3319,3364,3587,3965,4361,4447,4134,4435,5048,5391,4885,4339,6066,7824,3268,452,67,5,23,19,11,33,16,39,22,16,4,17,10,14,12,6,29,1,11,18,7
29,13,20,5,9,14,29,16,8,22,0,20,20,0,6,12,13,7,1,17,15,14,289,1421,4194,3745,2832,2965,3160,2739,3155,3644,3710,4019,3360,3346,2987,3190,3275,3366,3426,3312,2811,2863,3207,3458,2694,2421,2396,2355,2768,3139,3517,2966,2935,2826,2982,2704,2650,2855,3526,3909,3944,3854,3794,3818,3373,3200,3035,3280,3040,3078,3375,3462,3268,3483,3258,3179,3105,3264,2993,2973,3024,2802,2948,2790,2790,2556,3127,3302,3047,3459,3404,3511,3510,3106,3614,3656,3890,4010,3504,3157,3343,3918,3784,3632,3666,3791,3137,2584,2868,2784,2765,2751,2984,3548,3402,3255,3052,3179,3405,3896,4283,4676,4764,4615,5026,5773,6416,6366,6333,6319,6284,6212,6334,6365,6818,7464,3048,63,19,1,9,0,16,19,9,4,20,5,24,37,0,29,14,16,11,7,25,0,19,12
2,5,10,23,4,24,15,16,27,16,27,4,14,30,0,21,14,12,11,10,19,6,20,32,303,3019,3628,3243,3152,2423,2506,2816,2870,3670,3692,3156,3416,3217,2894,3222,3162,3153,2990,3841,4708,3226,2827,2677,2574,2530,2924,3328,3289,2915,3246,3251,3152,2790,3062,2821,2769,3407,4023,3898,3681,3788,3951,3985,3801,3290,3294,3047,3448,6113,4233,3188,3266,3314,3325,3401,3180,3196,3174,2920,2787,2463,2863,3111,3312,3376,3364,3425,3452,3896,4221,3457,3037,3120,3172,3388,3772,3999,3762,3965,3988,3606,3762,3777,2685,2334,3063,2935,2891,2847,3345,3863,3962,4771,4439,5225,5858,6641,6090,6466,6540,5876,6051,5921,5702,5520,4922,5539,5037,4831,4499,3986,3013,1557,114,8,29,0,12,28,15,13,0,31,28,17,25,8,8,13,20,14,14,12,5,34,0,21
0,1,18,15,12,11,24,0,6,0,17,2,16,24,34,31,8,16,8,14,20,27,0,16,29,457,3146,3834,3137,2536,2162,2449,3459,3850,3412,2947,3376,3230,3379,3580,3495,3475,3552,3746,4171,3007,2868,3327,3069,2514,3006,3663,3431,3442,3107,3087,2926,2817,2545,2613,2327,2718,3357,3789,4369,4270,4238,4029,3929,3937,4042,3570,3938,4828,3573,3198,3326,3464,3179,3488,3448,3165,3331,2936,3122,2982,2668,3377,3479,4214,3707,3603,3472,3337,3825,3695,3371,3380,3548,3979,4356,4159,4191,3994,4003,4028,3797,3401,2377,4541,3739,2344,3132,4106,5166,5358,5516,5688,5422,5032,5260,5663,4773,4489,3173,2445,1946,1582,843,517,644,331,173,96,67,41,27,8,0,32,12,28,24,5,27,8,21,11,11,14,15,22,4,8,18,20,0,11,1,10,14,18
4,14,20,16,0,11,16,3,5,14,16,0,6,10,21,6,0,26,15,14,11,28,19,27,15,7,43,610,3102,3529,2708,3021,3998,3868,3203,3123,3284,4060,4011,3333,3282,3920,4285,3816,3184,2948,2989,3240,3043,2785,2981,3066,2882,2792,3243,3297,2750,2483,2619,2747,2549,3458,2780,3811,4089,4159,4128,4108,4368,3973,4312,4271,4160,3871,3408,3461,3585,3658,3670,4166,4128,3646,3444,3907,6186,6724,4814,3868,4146,4436,4272,3780,3706,3590,3500,3557,3740,4216,4838,4744,5004,4948,5346,5319,5277,5161,4778,4111,3734,5181,5826,5576,6948,5364,3699,2855,2043,1659,1068,665,519,315,205,68,9,36,20,12,6,19,21,21,33,10,23,7,11,3,10,19,0,6,22,24,24,2,3,15,9,4,23,11,0,5,16,17,36,3,3,14,8,6
27,8,4,26,35,8,11,8,0,19,4,5,20,32,15,9,17,0,18,2,26,17,11,0,8,13,24,3,295,3022,4113,3797,4404,3583,3476,3849,3655,4053,3898,3879,4598,5540,5042,4388,3843,3507,3457,3307,3122,3384,3410,3297,3013,2786,3197,2929,2631,2413,2607,3091,2362,3055,3422,3209,3724,3985,4073,4001,4127,4200,4232,4131,4249,4166,4122,4386,4587,4753,4603,5365,4948,4847,4472,5831,3450,2961,5900,5305,5429,5900,5565,5087,5294,5010,5223,5643,6161,6617,6920,6841,6619,6476,6068,6487,5591,6385,4765,4411,2528,2276,1814,1022,440,181,45,37,6,52,43,21,0,23,15,34,31,12,24,29,0,16,21,0,3,18,25,0,14,17,11,10,9,16,2,5,0,5,7,23,8,0,20,27,14,19,0,12,21,24,10,16,22,0
12,31,25,26,2,0,22,5,30,0,9,27,7,9,12,13,5,38,3,29,28,21,7,15,0,14,0,17,6,199,1966,2987,3132,4817,5745,4989,5587,6595,6460,6313,6875,7089,7040,6487,6097,5405,5108,4438,4069,3930,3786,3738,3552,3386,3534,3110,2649,2638,2354,2386,1590,673,2402,4006,4167,4863,4289,4072,4188,3816,4089,4379,4482,4946,5229,5081,5392,5814,6629,6363,5635,5215,5300,5780,5117,5331,5890,4985,5025,5224,5883,5794,5973,5514,4997,4719,3862,3226,2452,1497,982,578,221,156,99,68,71,72,31,20,11,0,12,31,24,20,13,20,26,16,17,12,18,24,7,5,26,6,15,15,15,11,3,12,23,21,12,15,12,27,19,7,11,3,24,15,19,2,0,0,21,26,10,27,8,33,18,15,18,5,11,5
0,18,10,11,13,15,7,12,1,0,22,62,62,11,122,24,21,24,0,19,27,0,28,17,10,22,14,35,33,12,20,14,26,188,1348,3525,5003,5009,5532,4688,4180,4420,4838,5636,6403,5843,5702,5614,5908,5925,5680,5798,5044,4264,3468,3110,2866,2813,2763,2402,2174,3334,4992,5708,6320,7328,6670,5619,7307,5833,5181,6028,6589,6466,6472,4969,3443,2774,2441,1794,1319,851,840,532,1133,1694,602,93,85,90,235,203,267,225,209,88,57,45,35,8,23,16,15,27,23,32,26,22,8,4,3,34,28,23,12,11,0,5,19,3,14,21,17,12,20,26,0,30,29,4,21,13,12,22,6,22,10,11,26,25,16,16,20,28,11,0,20,24,12,10,22,5,5,20,0,13,40,21,0,30,14,32
6,19,21,10,22,15,10,22,9,43,4,23,17,28,17,8,7,5,12,13,12,36,20,0,0,10,11,1,17,13,17,29,0,5,29,44,72,63,113,63,42,87,58,224,362,832,1331,1865,2525,2882,3238,3106,3928,4917,5064,4637,4978,4801,4316,3521,2148,1085,1086,458,525,435,179,181,153,144,59,64,93,115,72,35,19,23,14,8,17,36,22,32,22,19,23,15,0,36,31,8,18,29,4,46,13,7,36,26,22,14,21,20,25,9,31,29,27,19,12,16,15,12,19,11,18,4,18,13,0,14,29,14,4,0,14,8,0,23,17,24,17,30,16,15,36,28,8,18,23,9,25,19,17,28,0,21,32,17,23,19,17,17,10,0,26,0,5,5,13,5
0,15,17,13,7,20,14,6,0,5,0,12,18,36,23,4,18,11,0,1,30,0,27,5,0,8,10,9,17,25,15,1,0,2,24,0,9,33,10,32,19,22,16,26,24,14,6,20,17,22,14,23,49,91,411,609,401,123,52,14,25,8,0,1,14,24,12,15,22,6,4,14,3,25,24,20,21,29,20,19,26,20,28,20,17,27,25,13,14,20,15,18,20,27,10,31,5,10,24,20,11,20,29,0,17,6,23,23,7,15,22,47,8,3,31,33,27,22,28,8,22,13,7,11,26,5,19,46,0,15,20,26,24,10,15,3,18,0,0,17,14,15,30,22,5,21,15,0,22,16,8,3,48,21,18,26,5,5,39,7,22,15
