16,0,23,48,0,0,1,0,82,0,0,28,28,0,43,0,0,8,14,0,3,0,16,0,13,27,53,0,5,0,10,3,0,0,0,0,0,13,11,13,7,1,0,3,2,20,6,0,0,0,5,0,2,1,0,1,8,24,3,6,23,8,0,0,27,0,10,0,13,12,6,5,0,0,1,12,19,0,0,0,7,0,1,0,9,0,6,0,2,0,0,0,8,0,8,4,18,0,2,26,10,12,8,0,0,0,0,3,0,7,4,0,19,14,0,0,0,3,0,0,3,15,0,0,13,0,0,4,0,11,0,17,13,0,0,9,0,2,15,10,19,1,0,18,7,0,27,4,0,0,3,3,11,6,25,3,23,27,32,3,1,0
0,0,24,0,43,0,11,0,0,0,0,12,0,0,21,10,0,1,0,0,0,0,0,0,0,4,21,25,21,0,0,0,0,0,0,0,0,0,0,0,0,5,2,0,1,10,11,18,4,8,5,20,0,0,0,0,0,12,0,8,23,17,0,0,0,0,16,10,0,0,2,0,0,17,0,0,0,6,0,0,9,0,26,0,20,7,9,0,0,0,0,5,12,0,7,0,3,5,2,0,0,4,0,0,7,6,6,0,3,0,0,7,2,12,0,0,0,10,0,22,4,0,0,6,4,0,0,0,0,0,16,0,0,0,11,30,33,0,15,0,4,22,21,8,8,0,0,9,6,25,17,0,0,0,0,5,0,9,10,0,44,0
41,0,12,0,16,0,0,34,13,0,0,11,16,27,34,27,0,0,0,0,23,0,0,26,11,19,0,4,28,0,0,0,0,4,0,0,0,0,14,1,0,0,10,28,1,0,13,21,0,0,7,6,5,0,22,12,0,12,0,0,0,0,0,3,0,0,25,3,5,14,1,1,0,4,1,0,4,11,5,0,0,12,0,0,0,7,0,0,0,3,0,1,15,0,11,0,30,0,0,0,0,0,0,4,10,13,0,3,0,9,0,0,10,16,0,0,0,8,11,0,6,0,0,0,0,0,10,7,21,6,4,0,1,2,12,8,8,0,13,12,0,4,0,0,2,0,7,0,0,1,0,0,12,0,0,0,12,0,0,5,0,5
41,30,25,36,15,32,38,18,0,24,3,37,27,38,38,13,5,11,54,15,0,18,0,0,35,15,2,0,0,0,19,0,0,0,0,1,6,0,5,0,1,17,17,17,2,0,0,0,0,0,0,19,28,59,72,72,27,87,71,81,104,47,101,139,117,102,73,102,44,5,14,0,0,4,17,0,16,0,0,3,15,0,10,2,3,0,16,0,5,0,10,15,7,0,0,2,7,9,12,3,38,0,3,0,0,6,7,0,9,26,0,1,0,12,18,7,1,0,18,1,7,2,0,1,7,0,0,0,0,10,0,21,0,0,0,0,13,17,19,0,0,27,3,0,0,10,0,0,0,0,25,0,0,0,0,0,0,0,46,0,0,4
0,0,40,0,14,0,10,0,0,52,10,0,11,40,0,18,16,0,3,19,2,3,48,0,16,46,5,0,0,25,5,2,0,5,0,4,2,0,22,7,0,2,3,0,0,0,8,30,46,104,195,153,101,149,171,148,135,144,111,98,171,180,164,132,139,198,187,163,177,100,0,0,0,1,4,0,9,27,27,139,82,87,93,11,45,15,45,3,13,21,0,0,0,14,17,0,0,0,23,4,0,2,7,9,0,5,0,1,1,11,0,0,0,0,0,13,0,4,0,8,0,3,6,0,3,0,0,9,2,11,0,0,0,2,6,0,0,4,18,0,8,0,0,0,7,16,0,0,6,1,0,0,0,6,0,5,0,0,8,0,5,0
25,34,0,0,9,0,22,8,6,6,0,0,0,0,0,26,1,37,0,0,0,0,8,0,0,21,0,45,11,6,0,0,8,0,13,10,13,13,42,16,65,107,101,48,90,94,162,147,179,133,169,82,128,175,146,192,96,143,132,107,200,130,146,145,100,143,92,150,222,100,79,11,20,20,8,0,1,87,94,185,191,174,112,130,125,150,88,82,29,64,22,5,0,7,0,14,0,0,6,2,7,1,0,0,0,0,0,15,13,6,0,0,10,0,3,1,8,0,0,0,0,15,0,0,21,9,3,0,23,0,12,2,2,0,6,0,0,0,6,0,2,7,0,0,0,0,0,10,0,2,21,5,2,0,14,0,0,0,31,1,20,0
39,0,0,0,12,26,0,39,0,0,30,0,5,0,14,0,4,34,0,20,24,0,33,21,0,3,0,22,12,0,0,0,38,55,93,127,114,148,189,125,134,160,187,163,124,115,229,145,128,118,121,150,150,121,155,120,160,128,117,195,110,122,206,210,191,141,172,194,177,151,161,57,32,17,0,0,83,120,102,166,138,120,129,104,149,156,208,160,166,135,121,106,85,74,68,82,1,0,11,4,5,0,25,1,0,3,0,4,6,0,13,3,14,3,0,0,10,0,0,19,11,0,0,2,0,0,5,0,0,4,0,0,5,7,0,0,0,0,9,0,11,0,0,0,10,0,8,10,25,14,0,5,0,17,1,7,0,7,0,32,0,0
49,0,0,40,5,22,12,41,17,0,10,21,7,0,17,35,0,20,0,20,0,0,4,0,0,21,0,0,27,40,140,116,97,136,138,133,108,110,150,142,126,152,162,117,123,196,125,116,171,191,188,181,152,144,168,152,137,221,198,248,216,227,179,113,135,147,112,237,119,127,150,123,134,22,29,102,102,131,137,106,157,149,177,154,149,154,160,156,207,170,188,159,136,101,123,159,153,104,113,68,59,8,23,0,0,7,0,7,2,6,6,11,1,10,0,8,10,0,0,0,0,14,2,2,0,5,6,0,7,9,3,0,0,0,0,0,16,2,1,8,13,14,0,3,0,9,0,0,9,8,2,0,5,0,33,0,13,0,9,6,0,27
0,0,29,6,8,0,0,0,0,0,12,0,0,4,14,0,7,25,18,16,0,0,10,16,0,25,65,136,132,130,147,139,136,163,139,224,202,162,159,179,182,244,161,140,139,217,180,132,213,142,170,159,153,173,204,176,182,226,164,97,194,161,169,212,177,224,225,190,128,138,204,179,177,154,177,148,166,140,158,203,192,125,116,131,143,128,143,176,172,114,145,132,119,132,199,137,147,189,177,135,112,100,155,123,89,16,20,4,12,0,18,2,2,0,16,0,19,10,0,7,4,0,5,0,0,0,0,0,0,11,0,0,23,0,1,0,3,6,0,3,18,0,0,12,0,4,9,6,21,0,15,2,36,0,0,8,24,0,30,0,2,0
0,13,10,21,2,0,0,20,0,0,12,1,34,30,7,0,39,0,8,13,8,0,0,43,95,120,181,74,166,158,215,171,190,154,156,137,219,146,77,151,162,186,166,190,134,210,139,184,105,177,192,175,209,117,180,227,182,144,183,198,175,138,184,179,137,174,156,181,197,179,102,155,160,164,133,116,161,145,190,184,181,149,206,202,186,211,136,168,174,119,92,162,170,149,163,186,52,169,198,79,132,173,128,149,206,159,140,137,39,13,0,2,0,3,5,3,23,0,0,0,7,0,0,0,15,0,18,0,0,0,0,9,1,0,0,1,7,0,0,2,0,0,8,4,0,0,7,0,6,15,2,5,0,0,4,0,1,0,1,15,9,15
0,0,13,0,27,0,0,37,0,28,45,0,0,0,0,24,26,4,0,0,34,49,122,156,131,174,136,104,150,151,150,120,126,163,164,178,156,165,161,181,141,170,173,212,208,169,149,203,206,203,178,193,132,119,148,209,155,155,173,191,189,232,173,154,167,212,181,156,162,155,153,116,122,101,135,175,178,128,172,208,178,181,155,147,217,146,194,250,153,203,181,136,196,142,184,126,118,170,162,159,122,132,149,159,203,157,135,121,181,132,123,123,66,39,7,0,0,10,4,0,0,0,17,0,0,0,0,0,0,2,12,0,10,10,9,0,1,0,11,15,9,14,0,0,0,0,2,0,0,7,15,11,0,5,5,0,0,10,17,0,0,0
31,8,0,4,0,43,0,20,0,2,41,2,0,0,43,0,3,7,0,18,41,141,157,122,100,167,79,187,175,165,141,138,151,114,171,202,168,217,149,146,140,202,169,228,92,226,167,166,243,213,210,162,102,251,114,194,178,217,180,110,149,202,115,163,218,240,229,198,204,117,209,171,133,199,222,123,189,192,143,175,168,179,202,176,118,235,174,169,216,213,156,166,137,211,174,123,186,190,237,153,163,111,265,158,127,117,155,207,212,150,194,92,158,115,122,100,39,29,24,18,0,14,6,3,0,0,0,23,0,2,0,0,8,10,12,6,0,0,7,1,2,11,10,2,0,8,0,0,1,0,2,0,0,0,14,7,0,2,0,0,0,2
0,0,0,0,3,23,14,12,0,0,0,27,2,15,0,0,3,4,26,58,106,113,128,157,157,154,164,165,112,145,181,153,161,116,155,198,184,198,248,156,175,229,136,184,195,231,141,242,177,175,146,169,188,197,213,179,158,184,171,192,179,167,229,162,161,135,162,184,194,160,244,114,137,135,186,161,187,145,164,169,155,185,145,224,227,183,210,177,182,190,210,182,178,160,156,188,147,150,163,205,176,213,201,164,183,200,125,155,159,178,138,119,143,110,169,179,152,167,85,65,9,3,0,13,0,0,0,10,7,7,0,6,15,0,0,0,9,0,4,2,4,2,0,6,11,26,0,0,2,0,0,1,9,0,9,7,16,9,51,17,0,0
29,0,0,0,27,0,0,0,3,0,0,8,36,2,0,11,0,31,96,128,128,87,169,148,97,113,111,201,164,162,162,219,172,217,188,144,215,200,160,115,184,147,170,186,158,188,140,189,244,143,224,206,194,151,177,282,148,211,166,217,164,239,180,223,124,114,208,129,132,178,221,158,216,212,217,214,186,175,184,122,181,140,182,136,157,205,266,225,118,212,153,182,202,144,174,214,144,167,156,159,187,201,150,160,169,129,176,203,180,195,179,171,141,105,136,143,161,168,205,181,182,124,90,40,0,5,0,0,5,4,0,12,0,13,6,2,13,0,12,7,5,5,0,13,1,2,15,0,3,4,0,13,10,0,0,0,5,0,18,5,6,9
33,0,2,0,35,0,0,0,19,0,16,0,0,6,11,0,5,0,96,133,67,93,135,167,136,115,159,181,213,188,226,189,160,160,164,186,193,176,184,206,122,148,153,176,172,221,160,174,121,177,175,208,188,200,203,145,172,170,213,161,172,157,149,151,121,152,154,208,148,216,233,273,181,162,120,225,216,142,141,170,133,215,86,181,248,213,144,208,157,171,202,190,164,141,182,185,123,184,197,201,157,211,133,188,162,134,201,172,195,113,154,209,163,145,141,184,177,171,130,149,155,156,167,123,102,65,45,13,0,11,3,0,2,4,0,12,0,0,4,6,7,11,1,0,0,0,13,0,1,8,2,7,5,2,0,0,16,0,6,0,0,1
0,0,0,0,21,9,0,6,45,12,10,0,0,18,0,16,62,122,97,142,90,152,181,105,149,186,137,207,135,114,179,176,251,214,170,154,199,172,176,220,105,231,176,104,174,153,142,180,186,190,126,224,189,179,185,208,212,134,171,119,79,142,143,153,184,143,159,168,209,158,213,190,122,161,157,178,192,141,134,153,195,205,240,174,154,185,186,164,171,168,271,182,200,153,220,189,237,186,163,162,214,141,169,166,146,149,199,196,191,188,188,217,136,251,157,157,186,189,170,195,173,143,154,172,147,157,172,57,15,3,0,19,0,0,0,7,0,9,0,0,0,0,4,3,2,9,0,0,7,1,6,0,26,8,15,10,9,4,1,0,0,0
18,0,0,6,0,0,0,30,20,43,0,0,55,0,0,35,152,145,126,100,201,181,153,231,176,233,220,177,132,201,213,180,206,222,186,189,158,175,190,161,174,180,163,138,189,163,174,156,231,171,187,126,242,133,129,127,119,120,163,161,119,107,173,166,80,145,165,142,150,143,204,120,187,184,125,153,128,156,185,149,172,177,178,154,172,130,118,129,195,191,173,153,165,157,145,250,169,215,190,211,184,206,179,206,139,238,231,144,155,195,159,199,155,98,137,253,167,195,126,210,192,119,192,177,128,188,191,156,174,145,191,125,62,0,0,6,14,9,0,0,0,19,4,0,0,0,2,0,0,12,14,0,0,10,17,3,0,0,1,0,1,0
0,24,0,0,11,0,24,0,0,2,0,0,0,0,2,107,189,102,122,158,159,148,224,128,223,213,135,199,217,163,220,179,174,178,236,158,187,218,164,188,118,243,166,190,151,159,187,164,184,126,136,160,104,146,127,177,118,157,143,223,89,141,142,99,107,133,202,185,199,141,116,228,173,156,155,181,138,167,169,149,176,178,179,217,165,124,156,117,178,187,141,116,215,179,152,178,161,179,178,131,174,160,171,175,145,156,208,208,144,143,238,178,214,255,184,211,145,194,194,223,243,145,200,207,209,189,136,195,238,190,131,203,152,119,140,31,2,1,5,1,9,8,0,12,4,0,0,11,0,0,15,0,12,9,15,0,0,0,0,10,14,0
6,0,40,5,47,0,0,0,45,0,0,0,0,23,122,130,162,95,200,210,187,172,171,182,180,166,166,171,171,168,201,130,201,168,203,174,145,214,203,107,178,178,180,158,135,162,169,183,138,152,187,142,127,180,140,140,137,92,150,115,145,152,144,136,149,113,171,163,127,141,82,214,128,160,200,117,201,152,160,132,132,150,146,126,163,151,136,109,121,159,127,115,116,195,136,162,120,159,196,162,183,202,176,178,180,147,235,158,136,176,159,155,170,166,207,197,155,205,160,159,129,200,182,155,235,174,146,226,233,188,165,120,159,197,139,117,42,30,51,33,18,4,1,0,0,4,1,0,16,7,2,0,0,21,0,9,0,12,0,0,7,0
0,30,9,2,0,0,26,4,4,42,0,42,11,29,108,125,106,144,132,128,190,227,175,188,162,181,167,200,159,167,138,143,133,255,200,171,123,159,150,178,144,181,157,172,187,124,141,197,132,102,146,141,150,136,148,115,105,113,156,165,138,144,121,95,142,125,148,124,138,152,193,227,177,168,171,159,151,132,199,190,233,203,108,140,116,120,118,114,133,106,140,112,125,116,97,204,164,190,191,186,139,148,212,188,185,91,203,108,207,224,166,174,173,147,206,155,176,181,179,135,121,216,248,147,179,158,178,193,143,96,207,119,186,158,181,144,201,172,158,184,90,29,0,0,9,0,12,0,16,11,15,0,15,7,27,3,0,0,5,0,23,0
14,19,29,10,13,3,0,0,9,54,0,31,12,81,82,139,193,187,181,183,145,126,133,147,159,208,176,205,176,159,149,140,148,173,136,107,188,153,107,130,143,112,157,174,142,218,120,111,187,146,158,160,162,111,132,160,114,107,140,149,101,118,129,166,151,166,128,130,117,157,204,198,180,148,161,217,126,128,204,168,182,161,177,139,192,98,89,143,206,104,115,159,164,144,120,161,116,138,200,103,142,139,171,151,156,203,194,163,176,158,132,155,218,179,131,204,167,208,182,191,195,190,246,174,226,200,201,177,142,141,131,132,208,125,202,95,163,223,192,165,156,155,144,79,18,6,0,0,8,6,6,10,0,0,13,0,1,10,0,0,0,0
2,27,6,0,0,24,22,37,1,0,11,0,21,166,141,128,205,137,195,147,159,287,200,196,143,191,156,164,130,182,109,164,200,125,145,147,131,111,164,124,117,120,131,145,114,136,155,124,175,203,115,192,95,192,160,186,154,110,186,127,150,128,139,170,81,77,167,173,98,113,185,129,155,195,160,208,163,192,146,176,154,184,97,141,109,114,156,110,118,152,115,99,93,138,120,180,142,149,84,133,107,94,137,112,101,139,145,169,134,98,170,145,181,180,202,202,177,134,176,191,274,255,191,240,228,140,211,164,206,202,166,191,202,169,195,205,180,234,184,172,144,193,135,164,122,115,23,2,0,1,10,0,0,5,0,1,4,5,0,7,0,10
22,0,7,30,0,31,0,19,0,6,0,0,56,120,130,91,109,178,209,178,191,214,176,168,201,132,133,228,129,169,169,163,103,124,144,194,138,114,108,119,127,175,115,151,107,118,177,118,112,233,162,111,201,198,176,105,204,211,156,136,177,136,168,125,127,169,76,162,80,137,160,128,213,179,201,161,212,187,187,197,218,135,114,114,165,143,87,143,188,193,143,167,181,107,152,177,187,148,130,98,142,123,124,103,128,124,145,97,157,155,146,215,223,162,147,206,171,250,153,177,162,195,181,168,188,255,179,176,237,251,151,175,229,165,120,143,145,189,177,239,159,180,187,199,165,177,169,139,50,0,0,11,11,14,3,0,0,24,0,3,0,9
0,52,0,0,0,0,0,36,3,0,9,15,104,154,148,140,129,136,149,199,192,147,158,203,176,230,216,201,175,196,146,149,155,147,133,147,108,108,109,121,116,129,192,151,146,159,193,192,204,152,117,149,158,148,160,121,104,158,209,161,121,134,129,162,215,136,143,118,136,130,172,169,164,163,202,170,136,193,120,131,130,104,123,131,128,126,117,132,110,177,146,162,127,216,205,121,191,168,215,137,146,160,135,128,123,109,151,145,124,132,175,113,129,156,138,200,219,167,161,185,149,210,180,235,162,189,190,158,199,190,184,196,164,206,201,172,183,224,175,149,186,182,185,228,213,142,183,139,208,153,68,42,15,7,6,0,14,0,1,0,0,0
55,9,15,0,0,0,14,0,0,17,0,108,118,149,161,189,172,169,151,178,230,97,166,192,226,137,215,138,174,120,132,143,115,134,134,76,123,174,155,144,153,135,196,160,149,203,184,164,196,188,212,178,191,189,204,199,148,193,202,215,168,177,189,131,152,159,154,150,143,161,139,144,121,189,171,128,121,151,138,120,160,151,192,103,90,104,138,179,98,120,170,126,201,227,145,197,151,169,162,146,110,148,149,132,195,115,116,154,139,177,141,131,105,196,107,203,142,158,164,208,201,199,239,235,218,160,144,170,229,224,210,140,172,184,255,206,164,174,162,197,234,209,183,172,212,145,197,157,229,120,135,156,31,0,8,0,13,10,5,4,1,0
14,0,28,0,0,7,13,18,19,18,35,76,109,135,187,194,152,192,182,151,112,144,188,181,164,176,182,125,145,128,155,154,101,174,110,100,115,155,121,116,123,171,175,159,169,187,163,149,159,159,178,166,146,139,175,231,179,140,158,178,178,175,192,176,154,182,178,175,85,142,116,139,140,97,122,131,127,199,170,149,133,130,132,180,158,166,150,112,127,106,135,136,144,155,163,169,137,191,180,126,144,185,181,173,150,148,123,121,159,142,179,92,148,129,183,204,173,102,84,179,134,164,188,221,201,150,167,212,193,176,172,154,199,139,175,184,240,221,198,221,198,201,155,182,215,212,155,156,192,146,184,122,157,9,0,7,3,0,0,0,0,0
14,0,3,6,0,10,8,5,0,16,80,129,172,179,160,127,89,172,136,154,192,133,147,214,219,146,198,188,173,89,99,132,162,108,94,122,118,202,146,129,184,111,169,160,140,207,191,149,224,170,194,170,208,112,135,143,125,159,167,169,157,224,176,174,244,137,135,87,130,128,152,129,81,186,124,159,99,168,145,161,112,172,89,189,125,121,182,147,153,142,164,127,151,177,188,162,176,207,187,186,149,251,145,208,145,159,181,182,157,149,174,182,136,107,127,155,118,95,65,63,116,119,126,202,200,187,165,184,206,144,151,150,217,218,231,138,207,191,221,195,187,174,200,189,201,198,208,148,165,183,182,156,140,28,5,0,6,0,16,0,4,3
4,36,0,0,0,0,0,0,0,13,93,131,158,86,137,114,161,116,221,143,152,152,228,172,176,153,150,192,144,120,149,72,95,81,157,92,150,117,132,180,183,133,202,115,177,147,216,210,159,180,187,127,179,114,244,178,230,140,216,159,146,145,165,168,187,163,116,134,139,122,112,109,142,111,137,127,150,141,129,132,106,138,169,145,112,110,163,117,168,248,165,148,212,176,214,102,164,169,202,225,147,170,153,176,152,216,204,188,155,173,163,153,146,179,105,126,145,130,150,188,109,103,120,128,130,110,77,194,239,203,117,187,190,212,166,193,150,169,193,213,174,201,196,186,122,153,197,211,227,227,171,141,132,104,18,1,0,1,22,16,13,0
0,25,26,0,1,18,8,0,1,0,102,139,138,166,139,151,167,226,99,176,145,161,106,181,162,109,165,150,150,88,155,151,132,128,128,142,199,212,128,227,220,187,147,177,234,219,124,127,141,103,145,131,174,164,191,190,201,135,152,195,189,192,165,189,171,185,217,220,174,139,166,159,146,164,89,134,110,116,131,135,62,113,148,128,142,170,174,133,144,232,261,191,205,229,197,167,164,181,181,170,186,147,199,183,146,151,195,160,143,201,165,232,189,165,194,164,94,163,110,164,150,127,158,144,167,162,193,127,124,195,231,275,169,200,103,172,232,223,166,178,143,197,209,175,148,175,180,183,150,170,218,139,92,150,66,12,0,2,8,0,12,0
0,0,0,0,0,0,0,6,7,98,82,121,131,130,169,166,179,218,117,190,160,155,191,155,195,206,154,150,130,105,77,170,142,126,158,143,183,137,170,134,208,145,94,128,173,118,16,5,0,46,98,181,208,140,184,188,222,141,223,148,205,190,226,191,175,216,232,162,229,163,139,143,110,89,153,128,124,164,155,131,137,105,96,102,112,169,161,176,160,134,223,178,158,178,184,121,168,202,220,228,200,276,143,225,156,164,169,206,216,164,168,144,225,172,208,147,176,139,183,169,135,113,164,122,109,104,104,157,179,158,235,204,162,237,171,173,210,245,199,190,220,190,157,252,190,175,225,244,243,203,205,214,141,115,197,22,1,0,0,9,0,0
53,12,0,29,0,0,0,0,17,108,92,172,149,168,205,186,190,187,188,194,200,174,137,193,135,165,148,131,109,139,125,55,130,112,176,176,79,78,169,129,180,209,223,157,193,201,190,125,168,194,169,210,184,122,179,160,194,140,126,155,156,223,131,207,232,162,126,126,201,182,197,170,165,183,179,107,175,133,155,137,109,158,105,158,129,135,95,156,172,124,162,201,151,154,171,217,167,165,156,185,208,233,176,187,188,190,171,247,190,161,257,197,138,211,100,108,183,168,153,141,131,133,109,130,141,112,118,145,99,145,157,185,188,235,209,229,238,219,129,253,172,206,173,156,89,270,247,200,179,196,229,182,184,156,160,55,22,0,0,1,9,6
0,0,22,0,16,12,8,29,97,115,161,136,191,151,145,228,179,194,199,156,223,163,135,176,176,153,131,171,156,79,92,153,120,110,92,104,195,159,146,198,169,219,169,264,142,175,185,156,192,206,214,150,173,207,106,182,119,134,120,188,157,177,147,270,146,204,153,181,188,222,237,128,119,170,166,119,66,144,145,118,115,176,124,145,138,165,193,206,207,159,182,178,187,146,215,197,223,212,148,164,205,197,128,116,119,176,217,164,116,186,190,226,147,147,138,164,153,145,175,100,185,143,145,82,81,62,142,183,148,152,134,155,172,118,228,173,187,178,134,205,139,131,119,154,180,146,141,124,160,182,164,179,163,134,174,129,10,0,0,9,4,19
0,0,0,19,0,0,5,9,79,94,85,75,166,162,210,136,165,152,174,226,220,165,132,146,88,145,127,139,129,136,121,96,104,103,168,197,187,172,147,135,150,169,185,169,188,177,186,177,191,197,152,166,133,98,203,195,201,188,128,148,165,225,169,146,155,223,203,155,102,180,188,119,196,158,134,133,186,132,168,157,174,112,139,163,186,165,145,199,197,170,168,157,197,187,149,202,207,216,207,248,243,180,146,159,176,185,144,195,162,156,218,156,153,147,118,139,154,159,182,208,131,90,127,160,103,178,117,157,144,50,134,148,171,197,214,141,213,206,158,198,222,192,242,151,161,213,199,128,226,211,156,173,163,178,209,78,42,8,6,0,6,0
45,0,0,0,0,7,18,75,104,175,208,150,202,201,170,134,176,159,140,136,127,155,127,157,228,140,209,112,128,91,87,181,131,141,179,162,122,193,170,162,202,99,155,159,178,210,216,187,214,181,155,198,165,192,190,173,142,172,201,144,189,230,205,155,129,173,103,186,191,127,214,84,166,169,188,126,248,154,179,200,199,152,180,197,161,213,135,144,150,149,214,164,170,163,187,204,145,148,155,180,210,162,207,163,213,204,215,153,72,131,135,205,150,216,167,213,192,165,168,205,190,187,170,168,85,119,156,184,122,126,120,114,136,183,217,214,166,229,185,228,178,175,241,118,255,234,150,179,121,175,198,188,154,176,220,177,70,16,8,5,14,0
0,0,0,19,24,14,59,84,166,181,116,201,137,161,186,163,100,168,210,201,169,114,159,212,133,170,99,110,128,80,113,107,136,120,119,153,116,212,113,155,202,170,155,200,219,261,157,226,174,192,194,175,115,204,187,101,141,175,221,177,181,172,187,162,151,115,197,192,221,222,197,165,173,187,169,170,145,171,182,97,151,176,167,163,153,159,190,164,221,170,210,182,164,221,179,122,193,214,258,206,253,229,212,124,211,232,130,211,222,170,175,191,120,176,176,223,126,181,189,136,236,147,196,144,150,100,119,92,135,106,102,110,145,179,168,191,171,163,173,214,210,186,202,131,200,211,273,169,121,207,144,175,191,130,181,120,86,11,0,0,0,14
45,9,17,0,13,3,2,108,174,116,131,184,109,124,163,117,165,197,159,151,117,201,181,142,105,183,144,89,72,131,111,132,112,118,213,197,170,117,146,138,179,138,118,118,121,193,159,243,191,171,222,185,173,211,115,128,164,144,134,183,143,226,223,224,148,185,221,184,170,213,162,181,218,245,183,143,178,208,166,156,149,275,131,140,124,165,183,116,174,188,138,197,202,208,168,151,223,219,166,246,170,200,176,183,190,154,159,162,217,133,193,193,209,241,187,197,189,162,198,123,135,158,174,184,160,159,81,50,126,111,186,97,131,144,128,120,206,194,201,148,214,162,159,140,153,154,221,188,230,200,207,180,163,125,187,173,140,22,11,0,4,0
0,12,0,4,0,0,8,98,181,114,154,158,163,177,125,221,194,227,216,134,158,189,163,166,180,150,129,113,129,144,73,68,113,163,167,224,166,146,242,225,211,203,210,151,20,39,113,150,170,193,132,181,188,170,140,224,183,114,186,224,196,200,167,256,172,160,172,183,199,195,207,168,214,262,222,157,155,152,139,156,138,217,225,176,239,197,151,179,241,185,164,158,150,245,194,251,192,257,227,139,231,165,163,172,210,214,202,168,129,210,148,174,179,125,206,195,181,113,183,188,194,184,148,111,152,137,106,110,130,121,130,147,100,166,183,120,94,151,166,172,187,157,163,194,238,205,204,213,182,190,199,194,167,183,170,182,170,81,10,0,2,0
0,0,0,0,3,0,52,146,184,140,230,162,125,242,225,190,162,162,127,177,147,194,201,133,125,173,59,140,110,30,87,95,64,84,171,114,142,204,189,196,182,159,142,126,43,23,6,82,170,239,193,140,218,161,144,169,161,221,108,180,153,160,190,139,223,176,208,189,198,157,218,227,227,239,215,158,157,164,84,129,154,157,171,186,208,198,134,223,196,179,157,152,191,186,218,212,211,133,192,196,249,147,200,185,124,129,164,128,234,217,254,189,151,189,195,162,179,169,244,147,214,165,125,122,175,132,130,98,124,109,82,115,159,113,120,130,161,159,200,179,151,210,201,214,238,217,204,223,177,197,173,208,269,202,164,129,185,158,22,0,1,0
0,7,16,10,0,42,94,132,124,122,197,177,154,221,195,137,192,193,188,118,174,172,220,117,94,170,121,116,144,118,111,124,151,150,167,154,100,80,122,90,159,182,149,181,161,136,129,148,163,119,154,134,151,157,146,192,132,144,194,117,189,139,153,144,159,153,163,226,218,184,206,148,155,186,156,128,149,111,100,91,143,141,175,168,173,160,152,158,157,196,90,175,160,172,80,162,210,151,166,191,209,183,201,225,196,206,170,163,158,188,175,152,144,189,150,195,187,135,200,162,133,166,181,146,174,123,100,99,154,153,178,125,129,126,99,139,119,141,144,227,111,137,241,184,173,175,221,224,180,190,193,171,150,141,166,216,88,135,75,0,12,0
24,1,0,0,35,133,178,148,119,139,216,250,138,165,112,190,142,194,165,172,177,210,200,177,118,167,142,151,123,103,109,146,114,106,164,144,168,136,140,167,135,139,166,177,160,175,176,149,173,136,172,161,135,165,196,245,149,102,132,152,141,160,152,169,171,216,188,158,89,120,190,182,215,222,241,141,185,161,115,177,77,215,158,121,145,252,164,150,180,172,210,153,169,208,150,191,155,203,156,141,166,188,123,177,151,156,183,155,196,134,150,155,201,152,126,204,168,154,152,174,136,125,131,148,171,143,129,176,151,113,123,84,150,144,107,171,102,141,155,170,190,201,189,174,161,219,158,163,112,145,151,168,154,182,186,138,192,115,181,0,2,8
14,8,5,17,86,118,162,168,153,174,136,173,184,118,164,156,172,155,182,161,139,186,159,120,142,96,146,114,102,158,119,156,138,217,151,122,130,131,139,108,132,198,153,64,145,119,180,190,161,129,168,141,172,184,160,210,149,165,143,136,161,114,153,163,115,195,93,155,203,202,168,161,223,194,214,208,183,151,154,199,205,105,167,163,149,230,214,210,177,143,175,212,138,194,226,92,145,201,167,195,207,179,177,169,169,132,169,139,168,194,159,159,159,91,131,119,135,85,101,157,133,159,119,114,117,193,177,125,76,101,92,115,77,115,88,117,72,138,151,159,181,199,160,162,135,144,164,154,179,203,216,186,149,176,210,184,152,114,188,0,0,4
6,4,1,41,142,88,169,143,136,155,148,174,196,254,164,139,178,145,140,177,141,140,129,142,111,126,128,76,133,114,130,150,178,86,135,143,160,128,181,139,100,135,161,145,166,172,120,162,187,211,158,163,126,195,176,171,151,189,188,172,202,166,142,173,122,129,144,113,196,132,139,209,141,129,149,220,188,121,96,194,205,164,199,193,174,245,183,207,216,140,238,185,200,222,268,267,150,176,183,235,184,209,197,144,184,150,152,163,135,220,163,137,159,206,216,195,130,139,91,165,114,143,90,117,121,180,165,164,215,91,139,113,94,61,115,107,123,73,149,122,128,198,171,253,91,134,156,165,205,99,176,193,205,176,190,252,132,141,148,84,24,0
0,1,0,112,95,56,133,127,118,173,181,270,190,193,168,136,204,147,156,173,98,133,186,164,129,73,87,158,148,95,108,106,163,82,152,134,135,144,78,109,102,127,103,171,158,180,199,113,169,124,167,180,141,130,217,203,167,189,140,181,156,69,144,134,202,192,168,198,141,249,177,100,94,144,171,157,91,133,163,137,136,196,94,197,157,221,176,150,225,228,148,183,171,188,169,242,224,157,162,188,210,163,126,99,195,235,157,163,173,196,133,163,122,159,152,174,91,154,99,147,118,56,83,149,109,144,190,115,92,111,130,121,127,134,119,83,78,75,134,133,178,142,150,195,159,139,176,242,148,182,144,152,177,212,178,192,159,164,84,159,12,0
18,0,7,71,172,137,113,155,95,116,208,185,188,151,170,90,160,148,163,148,216,165,167,131,155,113,84,124,58,89,102,117,101,150,120,106,128,157,127,116,138,91,128,60,199,166,135,211,142,199,176,104,225,263,141,198,118,168,97,146,156,187,141,124,168,105,151,182,179,219,176,213,189,158,164,172,143,133,189,224,221,142,92,159,71,199,161,190,174,171,181,204,123,154,172,146,171,183,145,165,158,217,155,190,196,219,184,102,228,140,178,234,169,149,159,144,197,133,118,110,130,100,132,133,122,149,156,120,104,156,158,152,102,103,137,135,116,80,101,149,102,117,127,232,164,158,173,122,169,157,156,158,167,172,185,182,111,145,150,90,57,0
18,0,24,151,113,168,136,140,178,104,183,177,177,207,162,166,189,137,180,191,147,94,159,119,74,116,176,95,86,69,113,109,135,106,203,126,118,140,116,126,94,121,143,111,133,86,96,167,190,184,151,166,149,152,168,196,143,162,149,133,178,183,183,189,137,122,195,120,194,173,128,156,170,204,123,158,104,183,161,187,147,162,138,156,89,138,171,138,202,183,182,95,112,112,115,217,189,191,224,204,133,133,177,201,197,164,271,223,179,145,200,153,172,157,138,116,131,164,85,112,109,84,78,112,129,129,174,189,119,143,115,113,144,118,95,117,134,119,137,88,141,167,168,145,102,229,180,184,107,271,208,191,155,192,175,153,145,163,92,89,36,10
0,0,16,86,135,48,106,138,92,147,151,185,173,155,187,163,155,174,214,178,134,83,130,149,97,101,61,92,80,109,106,103,113,133,98,131,120,122,92,122,140,166,144,137,108,121,130,165,137,154,96,168,183,126,161,145,153,241,165,163,162,200,194,186,142,148,148,197,157,165,153,126,118,139,122,142,144,117,166,150,148,174,173,159,156,182,153,100,174,167,123,142,172,206,150,232,185,185,157,204,165,240,136,185,169,138,166,211,172,197,167,109,62,123,165,111,166,191,218,140,158,100,60,145,123,106,149,132,189,110,143,151,122,119,144,189,124,143,62,134,158,173,123,125,129,168,191,197,196,151,124,192,111,176,167,164,221,234,179,117,89,12
4,0,35,170,148,155,143,137,156,169,77,139,124,113,153,214,113,156,193,171,164,150,90,144,184,133,112,109,42,155,123,134,152,114,151,153,130,158,137,164,107,136,187,107,91,143,106,138,157,93,148,151,161,119,128,176,199,181,218,167,136,149,113,137,171,168,200,209,126,133,179,97,122,166,110,160,121,97,150,159,180,201,155,187,163,108,160,139,160,156,132,158,203,124,171,174,213,256,190,156,171,171,174,114,142,180,175,202,123,146,104,187,166,250,132,168,139,179,166,158,159,124,125,107,167,95,144,137,121,73,80,93,194,138,103,161,120,110,143,119,95,155,208,161,163,143,196,173,144,170,142,238,194,173,223,202,186,171,195,79,93,17
4,17,30,123,125,127,110,119,143,216,184,205,137,116,204,141,123,163,140,163,125,171,138,118,178,135,130,128,117,159,101,137,157,126,172,136,118,140,102,148,141,133,165,108,148,108,149,70,114,148,159,183,187,163,133,197,164,147,179,144,142,196,163,222,154,102,163,175,107,159,139,150,122,105,134,165,163,158,213,183,116,185,179,162,190,120,154,128,153,116,171,127,188,203,156,119,160,138,137,175,142,202,104,160,113,169,189,130,115,164,122,186,221,133,97,149,169,113,75,148,187,143,150,182,124,86,112,136,111,133,127,77,156,99,148,142,87,118,96,162,120,98,164,162,189,139,178,147,177,166,153,168,182,190,166,148,121,124,255,146,102,34
10,0,3,121,119,190,164,134,209,168,198,138,196,184,124,185,160,125,218,204,178,135,154,108,127,153,116,141,122,114,101,101,130,115,176,144,125,159,100,134,182,172,91,129,145,185,157,127,122,172,114,165,194,182,193,105,130,164,198,163,165,128,108,156,144,126,176,123,151,188,148,119,162,135,183,166,34,214,200,120,172,130,158,175,174,202,200,108,156,195,116,169,259,192,134,169,166,175,191,180,166,144,201,169,152,178,129,103,130,167,183,179,262,120,133,253,188,174,140,167,134,104,119,101,95,142,138,140,100,69,117,111,55,206,136,107,153,142,116,111,135,132,206,139,159,201,160,211,228,156,166,251,181,184,91,151,240,207,140,150,160,34
14,0,17,87,166,171,201,133,148,207,134,157,240,207,188,155,106,207,166,159,133,142,166,94,98,131,100,111,113,150,59,120,124,91,121,136,93,96,162,205,112,159,110,171,134,154,177,116,140,141,177,177,193,161,149,143,197,186,163,127,196,212,235,159,160,235,152,199,172,195,158,158,148,131,140,127,188,164,157,187,205,130,191,136,183,161,115,176,121,142,251,159,212,181,114,114,171,148,147,168,105,129,151,171,135,159,110,123,125,114,152,233,100,145,163,164,150,146,171,79,154,105,147,156,89,71,112,131,99,74,120,162,143,128,133,132,140,104,90,72,104,128,136,185,152,167,171,195,164,192,165,164,180,261,176,241,176,183,201,150,75,58
0,0,28,144,113,95,199,121,152,165,207,173,211,155,148,160,147,232,180,131,120,124,85,116,87,123,166,125,133,90,111,99,87,102,143,91,111,106,126,171,142,110,187,207,131,115,148,87,192,145,140,220,107,123,108,87,129,167,136,242,184,154,197,123,168,205,168,219,150,142,152,142,144,198,165,146,173,164,193,139,189,122,216,174,189,116,187,173,162,223,138,211,150,250,150,165,144,78,136,153,118,146,176,188,142,162,177,123,130,107,190,204,185,155,140,134,124,188,151,175,140,143,141,186,125,144,163,104,121,109,148,104,141,131,120,102,125,95,155,129,104,159,146,111,193,173,186,225,173,217,167,178,192,242,194,183,208,162,149,85,207,61
16,13,23,98,159,144,137,148,209,188,145,164,170,173,113,187,197,242,133,200,147,157,140,121,77,118,97,155,101,115,155,144,131,122,90,126,113,133,87,157,146,129,105,127,170,134,157,135,159,173,213,169,166,154,153,173,132,126,168,207,104,128,199,147,174,169,178,156,103,158,165,168,153,191,176,171,128,157,186,154,254,147,159,153,131,215,122,144,158,201,194,147,167,130,128,212,224,237,168,170,155,162,194,195,147,122,167,199,135,108,152,138,115,139,103,160,140,96,174,155,138,137,136,72,142,117,105,127,43,113,131,140,107,136,68,127,140,129,147,119,97,148,119,145,180,241,243,192,185,125,240,169,228,186,221,202,212,200,167,224,116,93
0,7,0,84,135,133,99,100,143,152,117,126,172,145,212,136,122,242,169,149,132,92,95,132,90,87,129,135,94,143,72,148,63,73,148,81,115,104,137,90,158,137,138,126,88,69,115,155,150,97,177,96,158,145,125,204,183,251,188,127,141,213,194,168,97,217,136,138,118,150,112,109,154,166,168,176,168,239,193,152,180,171,191,171,207,210,152,209,147,212,213,175,134,133,121,174,201,199,177,160,202,181,167,201,171,156,147,187,78,208,117,120,101,125,91,109,164,148,74,160,128,129,135,101,132,70,114,123,82,104,138,106,122,115,79,136,101,134,132,101,97,176,143,175,118,154,159,190,166,202,143,225,264,139,166,191,201,168,163,128,130,61
0,0,5,51,79,184,147,170,199,111,166,170,153,108,159,117,167,170,201,170,175,152,158,97,134,115,151,128,80,128,103,76,95,73,82,105,87,139,119,118,96,128,147,105,172,139,130,128,144,135,117,153,215,158,140,146,170,158,122,181,160,165,149,183,181,147,201,140,94,192,194,200,174,218,161,136,195,184,201,235,178,115,217,160,131,179,126,156,125,168,150,150,151,190,238,184,181,217,206,124,152,151,139,131,143,128,161,221,210,122,155,170,181,99,87,131,173,125,145,150,184,137,159,116,133,98,82,74,119,140,91,64,141,110,125,153,132,88,144,190,150,119,122,156,143,224,184,209,128,123,150,197,184,201,233,206,121,98,156,188,134,88
0,0,0,43,106,120,139,101,144,176,101,158,153,141,103,152,135,144,196,124,139,142,123,146,178,106,97,100,109,103,98,99,80,86,123,87,89,122,90,89,131,136,161,152,137,150,114,108,166,111,153,135,144,163,176,193,119,150,107,138,148,127,175,113,153,143,190,196,138,211,142,189,154,232,149,172,145,126,198,211,137,183,194,161,140,189,182,240,169,131,228,140,160,162,194,203,124,141,105,150,169,142,154,117,127,164,191,166,170,173,155,137,137,223,108,123,137,159,120,162,102,129,136,149,73,133,72,56,122,149,142,92,123,115,103,108,129,114,154,102,137,111,110,151,158,214,138,155,130,186,156,137,217,163,172,166,182,106,160,149,157,47
2,0,3,15,132,83,133,117,169,194,166,126,115,156,159,152,185,162,180,173,209,107,94,142,118,143,122,143,102,112,117,73,63,110,138,90,76,135,144,91,120,120,124,89,106,143,125,156,189,165,133,156,178,195,186,103,162,121,156,156,187,169,146,210,200,146,154,153,174,154,221,156,184,147,167,169,188,158,222,176,175,149,120,209,137,154,195,205,192,113,137,249,147,170,180,124,121,169,170,217,156,139,170,152,171,199,129,155,164,172,170,132,104,150,191,112,170,105,133,160,151,165,140,134,77,153,89,72,69,113,86,62,160,102,166,139,111,126,135,84,167,121,123,86,126,182,144,164,125,184,186,203,187,151,170,166,250,151,125,170,129,47
33,0,0,7,99,128,136,151,171,249,148,166,144,169,166,161,139,173,123,118,177,118,91,135,93,124,160,124,135,133,145,88,141,110,113,124,104,94,112,181,122,145,108,79,165,142,178,147,84,117,140,123,121,164,160,148,195,154,174,113,108,188,160,143,187,148,149,166,134,142,137,185,208,153,173,168,122,191,182,168,226,166,186,167,189,159,156,204,121,141,148,154,162,134,131,126,154,165,165,131,205,92,102,183,123,129,153,166,135,115,199,98,151,155,190,163,78,152,214,137,152,158,118,73,115,105,103,80,134,120,97,126,62,112,103,98,135,129,151,152,165,149,94,148,194,149,179,205,213,137,198,181,198,162,216,179,227,187,180,130,166,32
0,0,10,10,0,10,78,109,183,125,170,220,115,154,190,140,137,121,188,156,170,230,147,135,133,123,191,127,170,159,119,191,106,71,122,117,147,106,104,82,101,151,113,122,143,188,175,154,131,170,132,158,139,141,175,138,99,137,170,149,122,151,177,176,173,136,160,165,137,162,122,160,152,180,88,169,213,189,111,179,131,157,204,146,113,176,166,178,196,173,188,163,125,114,118,149,196,154,159,160,171,183,150,156,138,135,123,194,150,147,106,137,128,212,115,168,84,133,146,178,105,176,76,129,127,103,98,91,113,39,90,109,111,172,169,143,138,125,190,129,161,173,105,107,93,183,232,197,106,213,187,169,207,164,133,190,150,198,189,98,112,11
8,14,0,1,0,31,127,155,195,178,133,144,151,165,208,146,121,163,237,183,137,142,145,81,169,116,149,75,103,118,123,138,80,112,77,90,89,116,100,194,127,102,128,116,110,149,107,183,136,125,135,145,168,187,128,108,157,138,225,172,118,154,163,185,134,208,175,127,240,127,158,100,198,148,117,140,138,166,159,106,121,135,205,82,166,97,200,160,178,160,136,160,112,145,183,152,85,207,206,176,196,144,165,170,112,150,134,202,139,157,157,145,134,141,128,163,99,172,174,161,107,125,112,120,94,107,64,102,95,93,100,71,98,138,126,170,138,109,167,144,148,132,195,201,231,195,185,181,202,166,185,182,180,176,166,150,186,124,157,151,198,9
0,0,0,3,11,86,131,161,160,136,125,181,187,223,133,181,188,155,174,146,127,217,169,77,156,120,115,90,95,149,178,116,95,104,147,123,61,95,138,120,103,100,104,131,171,200,110,121,89,74,182,174,171,128,97,177,151,158,179,162,161,167,125,165,141,162,152,190,210,120,117,140,163,156,134,197,179,105,182,146,189,187,179,160,124,154,199,170,171,132,134,115,120,137,127,168,157,155,109,163,92,102,156,184,191,125,117,130,179,180,156,169,132,158,172,122,127,183,197,155,158,176,123,112,70,113,98,79,116,112,93,101,112,114,162,181,135,207,105,158,145,134,153,109,164,244,222,172,186,184,203,251,200,128,167,186,179,142,122,223,96,0
0,0,0,5,15,43,106,131,133,148,147,133,107,153,145,194,126,109,179,124,221,183,126,134,159,96,103,142,134,115,118,160,123,133,120,81,138,124,146,113,121,88,163,157,145,101,65,123,109,134,149,125,164,104,129,148,177,147,183,128,145,158,196,191,158,183,159,200,150,156,158,239,185,148,125,224,134,178,203,235,179,253,187,121,178,196,261,98,188,137,161,144,176,165,122,142,98,159,111,172,172,153,139,137,169,134,119,136,167,143,157,160,191,119,97,110,140,155,190,136,207,129,90,123,140,106,86,109,94,117,133,129,97,149,115,143,208,135,162,108,96,119,178,97,193,173,129,139,166,102,158,214,201,211,136,121,206,132,174,174,36,7
6,0,10,0,2,49,146,130,132,161,149,81,104,164,144,172,153,140,201,121,205,254,154,132,103,208,172,135,135,169,105,163,132,117,137,98,62,103,93,126,64,128,145,140,118,154,142,131,139,128,139,131,154,195,196,164,176,159,107,108,103,186,201,209,81,176,131,133,142,189,148,157,149,129,156,173,151,195,176,183,175,182,160,142,133,238,152,125,120,157,200,142,131,160,200,105,136,144,154,138,104,143,99,200,183,188,142,111,164,116,166,154,188,201,125,142,152,175,96,141,139,121,84,111,94,130,68,73,105,96,106,155,154,167,138,159,134,106,171,174,143,145,188,199,150,198,174,133,211,169,224,133,149,194,181,182,81,186,107,152,43,5
0,0,0,6,0,48,120,92,148,119,147,155,145,194,197,207,131,149,135,168,177,190,172,167,126,185,202,135,121,153,148,167,152,123,153,143,81,138,82,78,78,118,97,147,178,138,165,134,116,126,136,156,134,195,140,135,94,148,162,212,236,179,186,163,142,156,161,190,211,183,161,160,140,155,123,212,130,139,157,192,154,163,139,192,134,177,123,129,147,169,111,188,125,140,143,152,131,146,125,145,119,142,138,202,153,176,142,141,141,153,187,185,132,130,97,120,143,151,121,109,140,147,127,122,138,124,100,77,91,156,162,122,176,141,101,142,142,153,131,180,182,179,177,136,153,130,111,150,207,228,124,135,234,205,182,174,145,137,169,149,13,8
0,17,0,0,4,20,166,110,134,180,142,195,184,156,153,198,189,187,178,131,182,118,172,126,132,208,180,77,120,153,154,106,166,97,102,79,130,136,118,63,119,94,123,140,135,108,163,151,141,132,131,121,180,107,89,172,125,122,141,162,154,205,118,119,204,99,153,220,131,216,170,184,152,146,100,178,138,123,219,160,130,155,160,222,152,201,182,207,241,172,130,100,122,142,147,193,192,154,153,160,126,87,215,159,137,183,123,165,149,186,185,173,132,167,173,103,132,122,139,166,128,59,96,136,159,105,121,203,120,123,115,156,111,118,134,227,220,146,140,196,197,173,151,145,183,168,140,195,243,175,233,145,198,219,149,129,207,173,153,125,21,8
0,5,13,0,0,11,68,183,164,94,207,121,158,162,177,150,132,166,130,130,139,224,144,83,110,122,128,112,128,175,126,80,120,145,181,97,124,172,109,111,77,110,122,137,122,157,96,111,135,173,159,189,188,147,156,143,153,138,102,163,156,200,108,120,155,167,103,166,104,145,173,192,200,179,173,154,196,179,213,116,80,146,164,194,227,149,154,176,242,139,158,113,169,158,128,148,224,174,209,195,250,96,98,117,160,112,154,174,154,160,163,131,190,138,142,109,88,130,171,74,118,100,158,113,74,99,119,204,76,118,141,160,197,137,175,238,226,218,160,208,187,188,178,159,134,205,238,179,179,211,153,181,171,155,145,186,203,168,110,132,0,10
0,9,4,0,20,0,17,133,103,123,118,160,155,149,187,175,117,185,195,222,194,139,165,176,156,177,146,126,130,184,140,135,199,111,145,150,163,91,118,98,100,81,69,62,93,126,124,162,161,155,141,128,112,144,133,199,86,166,208,164,121,153,137,118,198,143,195,148,129,195,150,123,196,172,173,95,142,155,165,142,125,111,158,147,184,149,157,177,178,151,177,111,165,145,143,134,163,140,172,191,157,108,152,237,148,161,169,181,149,136,178,158,116,109,177,182,111,103,108,67,123,72,113,95,63,137,112,134,119,101,188,171,155,142,141,154,178,139,137,172,208,167,130,203,241,134,176,152,154,233,154,170,192,182,149,157,136,175,142,123,4,2
0,0,1,0,7,0,4,114,153,163,193,219,156,165,124,151,173,200,172,116,153,149,188,128,159,96,111,127,115,151,146,117,180,110,132,169,135,143,116,119,108,82,93,127,123,95,106,192,107,147,169,170,177,135,217,162,123,139,137,167,185,193,148,192,184,128,192,137,191,161,124,152,194,138,184,158,121,178,161,180,254,214,210,186,214,133,226,160,202,114,109,136,146,182,144,144,104,153,196,158,187,150,149,144,140,105,96,79,89,142,184,106,187,147,142,135,144,90,93,122,128,108,82,57,80,137,98,154,121,153,132,142,138,185,156,154,188,170,144,147,194,108,146,164,202,178,197,177,235,233,166,203,212,163,246,200,156,102,127,45,5,1
18,11,1,0,8,5,0,42,114,108,160,126,163,131,159,165,152,183,166,166,150,177,144,208,181,151,150,197,211,136,168,199,210,174,165,121,128,91,197,96,114,109,90,126,89,123,85,114,147,112,105,113,194,155,136,161,119,124,138,99,143,119,101,173,205,125,175,165,134,129,118,179,128,193,135,183,174,179,166,122,221,169,204,186,199,147,137,190,156,180,144,197,201,179,136,182,124,213,181,122,123,126,122,148,163,146,132,149,193,126,159,121,137,148,118,146,86,139,85,112,79,71,114,99,158,86,173,104,171,112,180,117,125,185,165,202,95,156,158,176,186,135,131,144,160,163,207,204,125,204,180,154,189,214,228,171,103,159,131,6,7,11
8,0,0,3,25,0,21,45,142,72,160,190,143,201,162,122,111,130,140,160,168,149,199,208,167,132,168,154,146,130,138,75,166,161,161,201,109,123,128,145,150,95,122,93,100,80,95,114,127,64,144,97,115,119,84,212,90,139,184,125,138,149,147,116,121,138,172,195,185,153,142,163,156,130,157,172,166,174,162,157,168,164,178,197,160,165,154,158,95,260,179,178,188,138,144,162,154,202,149,130,211,149,194,199,180,159,176,177,143,165,109,135,140,94,131,66,109,128,141,106,102,89,120,85,124,106,171,147,127,132,110,142,182,190,192,144,154,189,149,178,88,170,154,119,157,179,204,201,205,145,197,207,125,172,160,166,172,185,64,0,0,0
14,16,4,8,0,0,44,2,86,114,151,142,221,131,99,78,135,135,140,161,160,137,180,196,211,108,169,142,153,167,210,168,150,88,124,124,92,156,84,122,159,113,146,89,146,92,95,61,121,107,101,155,100,149,147,113,113,133,219,111,185,156,110,109,138,189,120,91,106,129,217,191,135,147,181,201,180,153,151,180,138,179,185,162,155,223,198,167,125,131,131,202,133,139,156,184,144,148,155,150,147,179,143,95,114,188,150,164,108,191,84,126,101,94,133,90,124,111,115,87,120,111,110,71,143,111,148,161,187,139,174,191,189,150,131,150,157,181,155,157,179,166,171,101,201,160,174,170,215,218,202,179,193,109,183,96,180,108,18,2,0,0
0,8,0,2,1,5,22,6,14,124,119,160,176,183,167,166,172,210,158,187,87,118,103,194,183,130,159,167,181,135,212,215,160,169,122,139,160,153,128,174,160,135,136,140,141,53,141,123,123,103,96,118,100,70,176,140,156,88,154,159,197,141,184,171,151,162,109,149,173,177,137,161,186,95,165,201,167,135,168,105,163,157,207,229,131,138,139,146,122,138,210,158,175,186,181,177,80,131,150,118,179,138,119,161,133,130,76,153,136,139,143,117,119,146,101,89,149,107,75,99,120,115,102,139,79,153,89,182,176,143,130,155,169,179,200,162,162,186,184,164,165,176,235,146,171,148,227,162,199,174,250,123,164,179,204,86,144,120,26,0,27,3
18,0,0,0,0,5,0,0,14,72,101,113,98,99,119,149,180,152,169,163,135,118,182,187,218,225,140,158,214,189,111,141,138,150,174,150,122,162,125,164,109,97,151,114,148,140,147,83,125,105,95,114,137,95,102,93,99,126,130,147,127,140,108,98,109,164,104,154,145,207,148,143,129,106,152,141,177,182,232,185,178,171,199,184,192,152,131,175,105,163,162,178,173,156,194,132,150,156,181,144,169,161,129,137,105,126,167,180,93,181,191,87,90,108,104,116,64,117,123,91,142,150,169,124,136,115,192,187,155,184,116,96,228,157,190,211,178,213,152,157,209,143,156,208,174,218,161,217,217,167,146,213,166,181,166,146,126,141,6,13,0,0
16,0,0,0,1,10,0,0,3,0,74,128,126,162,126,120,131,250,154,215,163,120,174,185,152,171,131,163,179,166,126,197,213,42,122,151,136,138,143,162,126,134,157,137,133,135,123,132,134,128,118,41,107,107,98,105,165,158,143,116,162,111,135,158,154,85,172,121,143,172,149,177,91,136,109,166,169,187,179,128,229,142,148,167,231,186,110,182,165,213,193,84,165,129,221,138,204,144,112,163,148,183,130,213,93,162,134,154,120,123,113,99,95,86,119,144,124,125,155,137,105,83,163,164,151,158,170,168,156,199,154,176,172,140,164,182,153,172,112,170,174,154,180,228,235,172,175,182,192,181,187,199,179,189,163,158,140,159,0,0,9,0
0,0,0,0,21,14,0,0,0,0,48,121,151,126,149,151,120,128,137,162,152,212,165,220,179,114,148,182,117,225,176,160,218,197,169,171,169,167,155,126,150,147,194,88,148,157,130,163,160,131,71,118,120,112,56,125,153,123,127,71,102,151,126,126,136,193,167,186,162,184,136,148,131,111,150,134,233,165,168,134,243,199,152,205,186,143,168,211,152,167,137,197,97,143,67,127,135,169,169,157,196,118,136,137,162,70,151,122,141,83,96,122,93,170,108,118,142,162,159,107,167,136,169,166,113,160,135,215,157,166,103,130,113,189,144,168,186,147,232,135,122,206,153,149,166,162,187,217,152,179,198,165,195,242,219,179,138,132,21,3,0,0
10,0,0,0,0,13,19,0,0,11,0,113,143,115,150,174,183,111,130,174,169,205,176,138,201,146,139,134,137,190,151,182,162,161,165,132,175,155,162,136,114,205,163,184,109,132,188,111,115,139,131,69,161,132,64,84,85,87,129,167,130,163,127,134,178,127,87,189,172,171,151,106,163,131,139,111,159,151,170,226,203,145,176,181,144,149,172,191,150,179,133,126,149,144,175,184,157,208,198,128,164,106,148,147,195,123,128,191,126,130,145,112,108,137,107,151,136,120,145,150,136,142,153,233,240,167,139,152,203,144,183,118,108,137,174,180,133,119,164,145,184,156,144,132,206,184,167,202,151,186,186,102,231,152,141,211,114,80,0,0,0,0
4,3,0,4,0,0,0,0,0,2,0,55,106,170,132,159,225,174,162,154,193,159,165,155,158,138,187,120,148,208,87,82,115,68,99,158,130,150,109,159,172,182,151,165,202,169,135,126,205,112,145,136,116,148,142,132,124,127,115,126,139,137,135,122,122,126,213,174,212,196,155,183,174,158,106,197,134,152,183,197,167,138,202,194,149,183,142,215,134,227,256,156,130,189,131,191,173,189,157,207,166,170,133,84,110,152,150,156,86,141,182,166,86,173,118,67,160,122,135,96,164,174,159,139,177,163,100,175,180,186,171,154,147,131,135,159,150,176,199,168,136,148,169,167,134,172,125,240,217,214,195,140,157,156,205,147,144,130,0,7,4,6
4,0,17,4,0,0,0,6,3,0,2,32,129,95,174,133,143,167,206,149,205,178,177,200,125,145,105,174,152,208,174,150,25,64,89,184,120,153,80,65,94,58,149,99,190,175,100,135,204,150,122,118,143,109,158,143,152,159,111,109,141,179,103,175,131,118,158,182,121,79,135,158,162,196,193,200,181,207,199,164,143,132,204,181,179,184,146,191,208,172,176,164,137,159,212,168,160,127,168,191,178,167,143,105,164,149,149,109,129,169,147,110,136,133,161,105,134,119,177,123,127,236,179,165,192,172,151,136,152,135,178,57,112,182,152,165,131,215,143,153,177,122,161,198,204,179,152,146,188,180,144,211,159,145,122,152,148,81,0,0,10,11
39,7,6,0,9,0,8,0,0,0,28,16,150,148,103,151,151,197,168,155,129,127,220,151,154,100,243,160,197,195,184,145,152,178,154,183,112,155,99,45,54,73,209,138,167,170,141,117,107,102,142,99,144,161,168,137,103,150,132,150,148,155,129,132,178,155,133,159,150,159,148,138,179,185,168,163,192,212,159,178,169,170,149,253,134,127,172,144,187,113,177,110,202,154,158,165,208,207,185,172,159,174,171,175,185,160,82,96,173,145,156,171,143,110,176,126,129,169,213,161,180,147,137,141,118,217,175,209,134,117,186,156,201,116,162,134,197,172,261,190,181,184,134,211,163,197,202,270,181,176,239,172,134,194,141,140,169,65,0,0,0,8
0,0,0,15,0,0,0,6,0,16,0,3,73,146,96,125,150,158,124,147,146,140,110,155,206,99,202,159,170,154,168,106,203,142,189,204,217,120,165,154,196,165,177,172,128,218,181,143,127,127,144,129,148,143,192,120,107,124,106,135,179,153,169,125,110,137,166,184,201,175,213,151,189,203,148,162,181,133,218,217,188,182,169,186,209,145,174,190,250,146,198,128,166,189,154,115,172,171,242,238,145,201,172,211,214,248,122,155,150,144,146,194,176,170,127,124,145,187,170,168,158,136,176,158,177,164,130,173,120,144,131,186,137,168,89,178,194,141,174,184,186,142,162,100,129,205,194,219,165,189,215,256,176,140,149,190,115,16,30,0,4,0
0,6,11,24,0,0,14,0,0,27,9,2,107,97,135,139,151,160,115,117,199,160,188,147,202,144,161,188,190,161,163,176,138,133,152,173,174,183,199,193,198,128,47,55,130,191,172,139,146,196,130,197,139,157,126,103,150,167,126,183,120,158,137,162,141,147,141,150,228,192,131,165,120,140,181,127,163,183,149,215,156,165,131,149,191,152,206,127,135,208,173,174,218,169,183,196,200,163,155,179,130,181,142,141,166,200,169,117,189,159,212,67,160,186,150,129,215,127,187,155,193,145,201,215,202,229,208,164,135,136,154,109,199,177,211,213,142,177,169,203,184,225,172,156,197,164,198,182,139,261,161,194,154,177,162,173,97,5,12,0,27,0
6,0,23,0,15,0,8,0,0,0,3,0,51,107,82,117,130,169,145,170,168,156,151,139,189,164,145,79,202,148,206,169,151,131,166,152,186,205,156,191,212,161,103,141,129,111,198,145,179,180,216,146,187,145,128,115,125,149,140,183,137,148,139,109,168,163,117,167,194,172,166,171,191,203,166,129,221,195,157,204,185,168,118,137,105,91,167,169,150,204,172,213,215,144,202,143,205,149,147,174,155,136,159,159,112,198,185,128,139,175,106,181,125,138,130,174,207,105,155,121,146,172,195,125,150,191,197,223,188,173,201,213,202,212,180,181,159,160,155,181,123,163,174,177,145,245,142,143,183,187,189,162,160,182,112,116,0,0,0,0,0,11
0,5,0,0,3,0,0,0,0,3,16,0,10,93,152,130,140,106,115,129,95,139,102,84,166,132,80,176,172,116,96,136,145,136,189,92,158,190,127,138,191,157,126,161,134,202,176,115,142,175,161,185,183,182,126,115,98,177,136,120,221,170,187,208,130,161,218,176,125,178,198,158,146,138,142,159,110,126,172,158,187,140,166,162,142,180,157,138,122,133,139,243,194,198,165,135,191,135,152,134,124,157,164,186,141,196,158,168,183,112,132,215,190,121,176,141,162,206,189,172,195,153,134,153,185,135,198,140,141,160,199,177,203,203,172,155,237,143,198,168,124,203,145,110,177,194,153,127,174,214,161,189,132,196,121,69,13,0,15,0,7,0
0,3,26,13,6,0,4,0,1,4,19,4,14,88,149,110,146,131,175,175,144,174,141,140,156,143,134,144,156,223,173,146,110,163,165,158,188,181,195,213,100,103,135,156,200,196,192,189,128,158,188,129,140,90,114,157,128,174,137,144,157,145,177,126,121,171,101,111,164,124,172,251,192,175,161,183,169,137,183,223,182,205,122,133,140,155,208,182,165,161,160,158,209,199,224,138,141,139,252,113,129,193,161,118,163,162,174,100,123,132,158,148,164,142,161,132,176,167,179,86,103,149,143,154,153,115,179,178,245,254,172,190,129,186,133,191,195,228,182,110,175,219,134,155,195,147,185,174,167,183,160,176,205,122,125,11,0,1,3,1,0,0
18,28,27,0,0,0,16,0,0,7,0,0,0,50,130,127,143,220,150,180,215,164,133,157,113,157,173,100,145,170,127,118,151,118,106,162,209,182,134,147,198,188,135,139,175,165,126,178,126,141,200,149,177,205,161,197,202,156,146,100,128,120,133,137,174,154,166,154,157,156,193,177,188,181,161,142,212,210,128,132,173,278,174,168,175,142,176,158,161,160,179,165,167,168,180,130,132,136,163,151,143,145,160,143,116,140,167,91,156,194,136,127,175,158,144,209,151,150,174,203,142,209,186,155,104,147,101,215,159,203,204,138,167,127,195,166,170,199,250,153,215,183,161,175,173,145,215,206,114,180,190,162,137,145,83,0,11,8,1,0,0,0
0,0,17,22,0,0,0,0,0,0,0,0,0,0,86,131,136,113,167,169,166,112,168,124,137,175,156,157,160,166,126,152,158,158,179,163,124,200,159,119,163,149,191,212,228,233,126,158,103,128,114,136,166,150,147,115,129,186,180,162,141,187,161,157,201,162,172,164,210,112,188,134,171,197,146,158,177,116,154,151,132,155,184,158,168,93,227,159,145,185,162,156,181,153,149,162,147,189,170,178,163,172,107,146,115,158,174,171,177,221,148,133,202,181,141,171,201,161,228,173,198,141,222,218,160,137,192,213,189,136,232,183,154,156,172,164,236,175,219,150,170,104,270,156,204,147,178,179,168,182,170,164,192,106,4,0,0,18,10,0,21,23
0,2,6,0,0,12,0,2,3,0,0,0,0,21,44,143,148,147,111,138,149,159,178,240,151,168,192,161,203,168,211,182,159,194,131,198,120,180,130,132,198,115,181,213,217,206,205,181,150,105,199,183,158,180,203,184,106,125,130,162,124,115,118,146,204,167,114,90,185,133,144,109,174,157,217,157,175,191,217,132,198,130,176,158,182,160,148,190,142,112,140,129,206,242,169,146,170,158,185,160,179,125,81,158,224,173,164,203,135,155,179,184,150,172,146,172,169,102,235,232,158,209,169,242,221,154,178,159,162,160,161,196,143,137,156,126,180,188,244,144,174,181,218,207,200,113,219,188,182,186,160,124,192,50,15,0,0,12,11,0,16,0
2,0,7,10,9,0,0,8,0,7,0,18,5,0,12,85,96,148,81,140,106,187,173,125,222,132,135,191,182,227,147,126,127,235,197,184,215,121,133,156,163,211,158,102,161,202,127,143,191,193,156,215,252,187,193,158,146,105,147,113,118,136,163,166,186,105,106,147,179,195,153,170,161,113,141,191,213,207,173,99,113,166,135,136,149,166,120,132,105,116,137,177,143,146,154,154,167,168,191,136,126,189,165,235,239,150,190,163,128,202,128,153,194,186,256,116,106,165,132,236,179,165,197,225,229,157,179,156,170,174,141,168,188,181,199,180,205,178,148,209,187,166,194,187,142,161,186,142,157,163,148,124,70,0,0,10,0,0,0,0,1,0
4,1,0,0,0,7,0,11,0,7,3,12,1,2,1,0,93,156,122,149,167,110,176,124,184,163,164,163,195,182,195,190,156,173,174,186,190,131,185,154,128,185,100,172,186,201,202,255,179,143,125,232,183,132,151,227,148,151,199,184,155,74,143,153,125,181,135,106,75,73,138,187,163,166,104,208,114,230,168,171,156,220,161,184,156,125,173,196,174,214,177,208,134,209,109,156,153,190,134,203,175,151,148,114,172,151,191,137,176,239,234,162,181,132,204,173,143,144,187,153,231,229,226,142,159,173,161,218,165,177,141,109,188,185,215,241,229,194,147,182,143,184,149,191,166,184,161,184,172,126,122,144,19,16,22,3,17,0,0,0,17,12
0,0,0,2,5,28,14,28,0,0,0,10,0,0,17,2,117,131,119,154,130,141,110,136,208,130,167,147,141,235,260,201,149,141,119,195,226,157,117,143,104,206,154,178,207,155,203,150,175,161,141,189,235,185,148,175,154,194,154,199,181,217,130,117,136,170,218,122,143,160,144,196,193,208,152,182,158,203,110,211,226,182,223,154,129,147,157,240,143,186,187,105,180,189,120,181,137,85,157,161,102,188,88,119,112,167,132,183,199,149,169,225,145,150,235,164,196,155,177,169,181,179,224,181,175,119,92,192,194,112,114,170,250,181,233,201,193,121,138,174,174,180,171,200,141,153,120,135,151,183,221,93,1,21,10,0,4,18,0,0,0,0
0,0,2,1,0,0,8,10,4,45,20,0,12,0,0,13,7,136,186,132,191,106,184,104,165,193,169,131,157,185,168,215,191,123,181,184,130,87,170,166,181,205,198,144,142,126,184,143,171,174,135,179,257,241,129,125,147,167,199,160,193,233,164,159,125,135,168,172,104,146,159,138,161,176,156,200,106,191,122,240,222,198,203,223,204,142,173,126,160,127,139,167,179,198,203,202,186,179,135,157,172,184,151,155,155,119,152,95,177,129,203,173,167,186,166,145,249,176,219,163,216,172,209,155,188,174,185,158,168,176,134,211,187,183,185,179,235,219,216,185,180,205,192,142,223,215,88,173,176,178,75,0,15,8,0,26,0,8,0,5,0,0
16,6,18,10,0,0,5,0,0,0,0,0,0,0,0,9,0,49,111,128,141,199,171,161,145,113,211,159,141,194,164,167,170,178,150,237,150,100,136,186,172,147,221,169,176,141,151,118,197,188,137,226,149,210,170,116,149,185,135,115,166,134,130,190,142,150,174,202,139,133,109,173,160,205,154,73,105,158,161,187,171,211,262,214,140,160,154,169,170,206,193,166,214,129,169,211,178,148,166,192,159,173,186,157,169,173,153,136,151,99,166,128,266,187,202,204,176,127,180,256,240,154,142,198,123,214,145,179,170,227,167,280,217,170,181,216,218,203,174,148,144,179,174,202,138,204,194,130,160,21,10,0,0,0,2,0,4,0,12,0,28,0
0,10,1,0,0,0,0,0,10,0,13,8,10,0,0,0,23,11,14,82,114,167,73,97,127,143,142,213,193,167,170,152,195,169,137,210,169,97,191,138,177,232,233,199,175,170,188,147,137,184,121,204,177,222,145,164,135,146,130,116,179,148,153,146,128,128,126,221,104,165,201,184,142,183,191,167,164,221,180,169,176,126,156,231,128,162,251,164,158,170,238,183,144,154,165,165,238,185,184,218,149,120,155,162,182,195,179,208,199,103,117,159,203,217,129,224,174,121,254,253,235,213,257,161,230,213,225,184,168,142,147,206,167,172,188,153,220,185,128,227,243,197,174,157,208,257,131,32,0,8,20,12,0,8,2,0,12,14,0,3,0,0
6,2,6,2,0,17,0,0,0,0,12,0,11,1,5,0,7,35,0,72,75,96,99,127,154,151,118,130,172,188,135,209,231,172,149,159,213,245,173,190,124,204,201,190,217,162,165,180,159,181,175,150,220,200,117,188,136,166,198,126,107,169,127,152,208,135,112,163,140,146,99,162,209,238,183,247,154,141,147,225,194,181,210,178,157,161,200,190,226,154,242,174,225,182,161,177,194,177,221,181,148,181,119,183,160,145,128,137,168,150,261,165,221,163,184,150,143,198,128,198,140,229,180,318,214,172,218,193,169,218,219,197,185,159,219,227,202,186,168,214,162,165,233,149,90,28,0,1,20,0,15,8,6,1,0,6,4,6,19,0,0,9
6,0,12,0,0,18,12,0,11,14,0,0,0,0,0,11,1,2,0,0,29,149,109,130,86,187,178,97,122,197,202,195,223,188,172,182,131,185,154,165,165,137,117,130,189,155,120,219,200,162,190,173,175,103,132,185,182,284,226,123,152,127,119,156,137,154,193,147,134,116,90,107,164,210,162,190,190,120,158,145,203,193,157,195,202,214,146,164,156,196,195,193,147,200,192,192,195,128,211,192,131,165,127,116,161,113,126,128,147,138,149,133,160,157,144,139,193,166,128,159,189,189,215,186,173,206,178,253,226,244,206,173,211,172,281,203,199,188,140,196,172,142,50,10,26,6,4,0,0,9,19,0,0,10,0,0,10,0,26,3,0,0
0,0,0,18,0,5,0,0,10,0,8,1,0,1,0,16,0,0,0,0,0,67,122,153,144,147,157,108,167,197,173,166,200,132,190,234,208,144,189,189,214,118,95,72,184,190,160,196,165,186,209,243,198,206,174,179,208,158,194,225,134,123,154,52,89,123,128,124,222,169,164,167,183,137,156,176,168,172,178,195,195,156,171,115,211,149,198,159,198,196,162,172,186,163,158,166,197,118,190,98,145,176,129,136,163,112,103,110,113,149,170,121,168,218,141,160,160,154,162,190,203,212,213,162,160,179,236,146,190,206,140,124,185,187,218,134,213,262,147,133,0,0,0,0,10,13,14,5,10,0,0,27,0,0,7,7,0,0,13,0,7,1
16,3,10,0,12,0,11,20,1,0,4,11,0,10,0,0,0,0,0,5,15,0,10,33,96,143,109,175,189,178,142,179,201,184,189,167,184,174,186,211,241,209,212,118,196,189,163,155,120,145,149,194,263,171,182,235,169,162,167,185,172,88,99,91,125,99,82,165,167,111,169,169,183,190,168,200,189,217,193,139,183,162,174,143,137,161,255,145,196,165,202,201,161,140,189,124,167,144,124,202,170,144,124,110,136,94,142,113,149,139,142,159,161,174,199,227,164,163,199,158,235,216,120,183,227,175,201,196,159,252,212,168,266,214,271,198,238,210,119,0,4,1,15,0,11,0,1,0,21,0,0,0,14,0,0,0,4,3,0,0,14,0
4,8,7,0,13,1,0,0,5,6,0,0,0,1,0,0,15,14,0,10,4,0,0,23,10,161,150,156,151,169,147,144,138,148,186,205,151,126,187,195,171,220,155,150,268,249,156,184,174,166,167,181,190,177,189,188,184,236,153,223,222,195,159,117,132,134,146,119,163,180,162,91,149,135,172,182,184,150,109,162,138,175,196,186,132,200,147,182,205,163,149,220,115,185,245,116,169,118,137,164,135,147,129,104,135,146,133,62,161,169,160,153,205,141,146,187,199,200,145,165,235,210,262,270,212,244,235,203,254,203,210,214,229,208,216,205,91,79,3,0,0,18,0,0,4,1,11,7,14,0,2,0,5,0,8,7,0,13,0,5,0,13
6,23,3,0,22,0,0,0,0,0,5,1,6,11,2,0,0,8,0,0,6,0,5,0,5,14,139,148,132,124,82,98,163,153,128,199,146,122,237,190,213,205,206,236,206,225,193,193,215,158,176,255,175,210,240,211,151,212,172,178,97,145,143,196,118,199,95,92,148,114,146,177,131,215,131,166,150,163,112,129,189,189,139,164,187,255,212,233,202,86,233,170,139,140,174,203,185,150,171,139,135,115,115,189,163,102,131,98,80,168,156,125,140,189,150,182,217,230,144,211,152,254,223,227,116,106,99,69,62,6,65,22,0,16,0,0,9,0,0,0,0,14,0,0,0,21,0,16,0,3,34,6,25,0,12,0,0,15,0,4,1,13
0,2,15,0,0,2,0,0,8,12,0,13,22,0,0,9,10,14,0,0,6,0,13,5,0,9,11,41,77,171,135,146,211,188,133,166,180,207,209,181,175,211,196,230,231,188,175,208,205,195,219,155,189,139,188,198,185,170,205,207,159,109,199,118,112,102,128,101,166,117,119,146,154,170,134,197,222,140,196,207,219,214,183,152,185,259,214,231,199,217,210,92,159,117,175,154,145,130,91,112,136,186,117,135,107,168,159,112,118,101,99,184,179,158,173,155,88,75,65,17,19,17,17,14,0,5,16,0,0,5,4,0,0,0,12,12,0,18,0,0,6,0,0,0,6,0,13,3,0,16,13,1,17,4,0,0,0,0,12,0,1,0
0,0,0,9,0,4,2,0,3,1,0,0,0,0,9,4,0,0,27,8,0,4,4,12,5,3,0,8,30,106,161,178,131,116,116,197,201,237,251,256,203,191,198,196,213,184,274,153,191,148,162,174,148,149,201,136,124,138,104,158,113,149,90,131,104,119,118,160,186,146,117,97,191,136,117,130,178,175,138,138,172,179,123,237,184,166,168,132,139,202,202,218,113,172,168,103,115,165,115,124,118,109,129,155,117,78,137,112,92,88,50,7,25,5,21,0,12,2,0,0,1,0,5,0,21,0,5,0,0,17,5,0,4,6,0,1,0,8,0,0,0,6,2,5,0,0,7,8,0,7,0,17,0,0,3,3,0,7,0,8,0,0
0,8,0,18,6,19,0,0,0,0,1,0,4,3,0,11,4,0,0,0,5,15,2,11,0,0,3,12,7,37,66,81,124,154,178,196,257,152,238,183,164,230,200,240,245,224,229,221,197,213,168,141,164,187,215,206,139,171,146,203,112,29,111,159,134,124,183,143,141,110,102,125,127,122,159,79,109,115,93,147,114,158,148,196,93,173,192,114,109,105,192,134,155,188,98,75,124,106,52,21,18,8,8,19,7,12,0,5,6,9,19,0,0,0,0,0,0,6,0,13,10,2,10,0,0,0,4,0,5,0,5,0,0,1,15,0,0,0,0,7,9,6,0,6,1,13,3,0,0,0,0,0,14,0,7,0,10,0,0,19,16,16
0,2,4,0,29,0,4,0,4,0,6,11,0,0,0,0,0,0,0,22,0,2,27,2,0,17,6,13,9,0,15,14,35,0,52,91,110,146,144,197,171,207,155,200,163,197,188,155,185,219,203,196,226,195,154,186,160,149,179,106,59,99,148,121,149,170,103,200,120,106,107,70,128,92,115,61,51,32,32,27,27,18,24,18,18,44,15,0,19,9,6,7,20,22,15,0,19,0,18,16,12,0,1,8,0,11,0,0,0,0,10,0,6,0,4,0,8,0,0,0,0,13,0,1,10,0,0,7,15,0,0,24,17,12,0,26,13,0,6,13,3,0,0,9,0,16,0,18,4,0,0,6,0,3,2,0,6,0,0,4,14,0
0,0,0,4,4,4,0,0,28,3,7,0,7,1,15,14,5,0,32,12,8,0,23,0,1,4,4,1,20,5,0,5,12,0,0,8,0,13,0,0,15,7,5,0,38,25,72,66,165,118,132,75,142,145,178,151,147,220,115,136,46,39,27,0,0,3,19,17,4,2,1,7,0,11,0,0,27,0,3,6,0,13,0,0,0,17,0,0,4,2,1,1,4,5,4,0,0,0,0,23,0,2,10,9,7,10,0,6,0,0,0,0,0,0,0,0,0,5,9,9,0,22,0,0,0,0,5,0,0,0,0,5,0,13,15,0,0,0,0,0,0,0,8,6,0,2,0,0,0,11,16,1,0,0,0,0,0,0,0,0,0,19
0,7,3,0,0,0,8,5,11,8,6,1,15,7,5,12,0,0,3,0,17,0,0,0,0,0,0,9,2,0,0,4,0,14,0,1,8,15,0,10,24,0,0,1,2,7,0,0,5,0,0,0,18,24,12,20,10,13,0,9,0,7,10,0,3,0,6,8,0,0,0,0,7,10,0,0,0,6,0,7,0,0,2,0,1,0,1,23,0,3,0,3,0,0,0,1,20,21,0,0,3,1,13,9,13,14,7,10,1,0,0,0,5,25,8,6,0,5,0,0,0,0,4,0,6,6,0,3,9,4,0,0,0,2,0,0,10,0,17,0,0,3,0,4,0,0,9,15,17,0,0,12,1,14,0,0,21,12,10,3,6,0
