0,0,0,0,0,0,0,0,0,0,0,0,0,0,0,0,0,0,0,0,0,0,0,0,0,0,0,0,0,0,0,0,0,0,0,0,0,0,0,0,0,0,0,0,0,0,0,0,0,0,0,0,0,0,0,0,0,0,0,0,0,0,0,0,0,0,0,0,0,0,0,0,0,0,0,0,0,0,0,0,0,0,0,0,0,0,0,0,0,0,0,0,0,0,0,0,0,0,0,0,0,0,0,0,0,0,0,0,0,0,0,0,0,0,0,0,0,0,0,0,0,0,0,0,0,0,0,0,0,0,0,0,0,0,0,0,0,0,0,0,0,0,0,1,0,0,0,0,0,0,0,0,0,0,0,0,0,0,0,0,0,0
0,0,0,0,0,0,0,0,0,0,0,0,0,0,0,0,0,0,0,0,0,0,0,0,0,0,0,0,0,0,0,0,0,0,0,0,0,0,0,0,0,0,0,0,1,0,0,0,0,0,0,0,0,0,0,0,0,0,0,0,0,0,0,0,0,0,0,0,0,0,0,0,0,0,0,0,0,0,0,0,0,0,0,0,0,0,0,0,0,0,0,0,0,0,0,0,0,0,0,0,0,0,0,0,0,0,0,0,0,0,0,0,0,0,0,0,0,0,0,0,0,0,0,0,0,0,0,0,0,0,0,0,0,0,0,0,0,0,0,0,0,0,0,0,0,0,0,0,0,0,0,0,0,0,0,0,0,0,0,0,0,0
0,0,0,0,0,0,0,0,0,0,0,0,0,0,0,0,0,0,0,0,0,0,0,0,0,0,0,0,0,0,0,0,0,0,0,0,0,0,0,0,0,0,0,0,0,0,0,0,0,0,0,0,0,0,0,0,0,0,0,0,0,0,0,0,0,0,0,0,0,0,0,0,0,0,0,0,0,0,0,0,0,0,0,0,0,0,0,0,0,0,0,0,0,0,0,0,0,0,0,0,0,0,0,0,0,0,0,0,0,0,0,0,0,0,0,0,0,0,0,0,0,0,0,0,0,0,0,0,0,0,0,0,0,0,0,0,0,0,0,0,0,0,0,0,0,0,0,0,0,0,0,0,0,0,0,0,0,0,0,0,0,0
0,0,0,0,0,0,0,0,0,0,0,0,0,0,0,0,0,0,0,0,0,0,0,0,0,0,0,0,0,0,0,0,0,0,0,0,0,0,0,0,0,0,0,0,0,0,0,0,0,0,0,0,1,0,0,3,14,0,0,0,0,0,11,20,1,0,0,8,0,0,0,0,0,0,0,0,0,0,0,0,0,0,0,0,0,0,0,0,0,0,0,0,0,0,0,0,0,0,0,0,0,0,0,0,0,0,0,0,0,0,0,0,0,0,0,0,0,0,0,0,0,0,0,0,0,0,0,0,0,0,0,0,0,0,0,0,5,0,0,0,0,0,0,0,0,0,0,0,0,0,0,0,0,0,0,0,0,0,0,0,0,0
0,0,0,0,0,0,0,0,0,0,0,0,0,0,0,0,0,0,0,0,0,0,0,0,0,0,0,0,0,0,0,0,0,0,0,0,0,0,0,0,0,0,0,0,0,0,0,0,0,0,11,15,0,4,19,0,20,7,22,0,46,16,5,47,29,24,0,5,42,11,0,0,0,0,0,0,0,0,0,13,17,0,0,0,0,0,0,0,0,0,0,0,0,0,0,0,0,0,0,0,0,0,0,0,0,0,0,0,0,0,0,0,0,0,0,0,0,0,0,0,0,0,0,0,0,0,0,0,0,0,0,0,0,0,0,0,0,0,0,0,0,0,0,0,0,0,0,0,0,0,0,0,0,0,0,0,0,0,0,0,0,0
0,0,0,0,0,0,0,0,0,0,0,0,0,0,0,0,0,0,0,0,0,0,0,0,0,0,0,0,0,0,0,0,0,0,0,0,0,0,0,0,0,0,0,2,0,3,11,29,0,15,28,22,15,0,5,20,5,0,5,0,2,64,1137,326,17,0,1,6,16,36,22,6,0,0,0,0,0,59,8,0,35,23,35,42,13,27,24,0,0,0,0,0,0,0,0,0,0,0,0,0,0,0,0,0,0,0,0,0,0,0,0,0,0,0,0,0,0,4,0,0,0,0,0,0,0,0,0,0,0,0,0,0,0,0,0,0,0,0,0,0,0,0,0,0,0,0,0,0,0,0,0,0,0,0,0,0,0,0,0,0,0,0
0,0,0,0,0,0,0,0,0,0,0,0,0,0,0,0,0,0,0,0,0,0,0,0,0,0,0,0,0,0,0,0,0,0,0,0,3,25,27,42,7,0,24,0,16,17,0,5,8,5,14,0,11,0,0,0,0,1,8,12,0,99,2487,1603,0,24,0,0,22,7,0,22,0,0,0,0,1,0,14,43,9,1,0,16,2,39,7,12,0,14,29,0,0,2,10,0,0,0,0,0,0,0,0,0,0,0,0,0,0,0,0,0,0,0,0,0,0,0,0,0,0,0,0,0,0,0,0,0,0,0,0,0,0,0,0,0,0,0,0,0,0,0,0,0,0,0,0,0,0,0,0,0,0,0,0,3,0,0,0,0,0,0
0,0,0,0,0,0,0,0,0,0,0,0,0,0,0,0,0,0,0,0,0,0,0,0,0,0,0,0,0,17,0,0,34,6,1,2,4,0,0,28,0,22,0,0,0,0,0,1,0,0,7,9,4,18,0,12,0,0,0,0,0,0,15,4,0,25,3,6,18,5,0,56,30,0,0,0,18,11,5,24,67,17,2,0,0,0,18,0,0,24,29,0,4,4,49,28,9,11,0,0,5,0,0,0,0,0,0,0,0,0,0,0,0,0,0,0,0,0,0,0,0,0,0,0,0,0,0,0,0,0,0,0,0,0,0,0,0,0,0,0,0,0,0,0,0,0,0,0,0,0,0,0,0,0,0,0,0,0,0,0,0,0
0,0,0,0,0,0,0,0,0,0,0,0,0,0,0,0,0,0,0,0,0,0,0,0,12,0,0,0,0,0,0,9,0,0,0,0,0,0,19,0,0,17,25,0,12,0,37,0,16,0,23,0,0,22,0,1,1,0,11,4,0,0,8,9,16,6,0,1,10,2,7,9,0,12,7,108,30,4,26,24,0,0,0,11,18,0,23,0,0,37,3,0,0,31,26,34,0,22,0,0,11,0,26,24,0,0,0,0,0,0,0,0,0,0,0,0,0,0,0,0,0,0,0,0,0,0,0,0,0,0,12,12,0,1,0,0,0,0,0,0,0,0,0,0,0,0,0,0,0,0,0,0,0,0,0,0,0,0,0,0,0,0
0,0,0,0,0,0,0,0,0,0,0,0,0,0,0,0,0,0,0,0,0,0,0,0,99,7,34,8,19,8,7,0,11,0,0,0,7,18,17,13,0,0,0,10,0,0,21,0,18,5,0,8,11,22,10,14,13,35,0,4,0,0,19,0,11,7,2,24,0,0,0,10,12,37,14,43,2,29,0,14,18,0,0,0,0,0,25,2,28,0,0,2,0,0,0,0,0,20,0,47,13,0,1,0,0,6,11,13,0,0,0,0,0,0,0,0,0,0,0,0,0,0,0,0,0,0,0,0,0,0,0,0,0,0,0,0,0,0,0,0,0,0,0,0,0,0,0,0,0,0,0,0,0,0,0,0,0,0,0,0,0,0
0,0,0,0,0,0,0,0,0,0,0,0,0,0,0,0,0,0,0,0,0,0,0,0,2,35,13,0,21,0,6,0,0,0,0,0,0,5,0,0,0,10,26,4,0,19,0,0,11,39,0,0,19,0,0,0,12,5,27,0,10,0,0,2,0,27,5,0,0,10,0,23,0,8,0,0,0,5,0,0,3,0,19,3,0,4,2,3,14,0,0,0,0,3,27,12,0,5,12,13,0,2,0,0,0,12,8,11,12,0,0,26,0,0,0,0,0,0,0,0,0,0,0,0,0,0,0,0,0,0,0,0,0,0,0,0,0,0,0,0,0,0,0,0,0,0,0,0,0,0,0,0,0,0,0,0,0,0,24,0,0,0
0,0,0,0,0,0,0,0,0,0,0,0,0,0,0,0,0,0,0,0,0,0,0,16,0,0,2,16,5,1,11,0,0,6,0,4,0,16,8,27,36,0,0,4,0,0,8,0,0,0,0,0,0,0,0,31,5,17,0,11,0,3,0,19,10,31,0,0,0,4,0,13,26,7,0,8,20,6,0,16,2,0,0,0,0,0,10,0,16,0,23,26,13,0,0,13,11,10,27,27,0,0,1,0,7,0,15,0,26,0,0,0,28,0,0,0,0,0,0,0,0,0,0,0,0,0,0,0,0,0,0,0,0,0,0,0,0,0,0,0,0,0,0,0,0,0,0,0,0,0,0,0,0,11,0,0,0,31,89,27,0,0
0,0,0,0,0,0,0,0,0,0,0,0,0,0,0,0,0,0,0,0,0,0,0,5,8,0,0,0,24,21,24,0,2,0,0,0,28,0,12,0,32,11,0,28,2,0,0,13,0,0,28,38,0,0,11,0,1,0,0,0,0,0,0,3,0,0,6,0,0,0,0,0,17,0,0,0,11,0,0,0,16,19,0,22,0,32,0,0,11,0,18,3,6,0,0,0,36,36,48,0,10,0,0,27,2,0,0,0,0,0,31,7,14,0,12,0,0,20,1,0,0,0,0,0,0,0,0,0,0,0,0,0,0,0,0,0,0,0,0,0,0,0,0,0,0,0,0,0,0,0,0,0,0,0,0,0,0,39,116,68,0,0
0,0,0,0,0,0,0,0,0,0,0,0,0,0,0,0,0,0,0,0,0,0,0,0,15,0,0,6,0,14,0,12,0,0,0,0,0,23,37,18,0,9,0,2,0,1,0,5,23,0,52,14,21,0,4,15,0,0,31,0,4,4,0,0,0,7,0,0,0,2,0,0,0,2,49,4,8,37,34,0,14,29,0,0,0,14,0,38,0,0,6,6,16,0,0,0,0,0,7,0,73,38,0,23,23,57,0,0,5,19,0,0,0,0,0,37,27,0,32,16,33,8,0,0,0,0,0,0,0,0,0,0,0,0,0,0,0,0,0,0,0,0,0,0,0,0,0,0,0,0,0,0,0,0,0,0,0,6,94,86,0,0
0,0,0,0,0,0,0,0,0,0,0,0,0,0,0,0,0,0,0,0,2,0,3,0,12,13,30,3,33,0,0,8,8,2,10,0,0,0,0,0,0,22,44,0,10,59,0,0,0,0,0,27,30,24,17,0,0,8,23,0,0,0,2,19,0,2,0,12,0,0,14,31,0,0,6,3,4,0,15,9,0,9,0,10,0,12,0,0,0,37,1,31,0,6,0,38,0,0,2,0,34,30,0,0,29,21,16,16,4,5,4,25,0,0,8,0,3,7,10,10,31,21,14,1,15,0,0,0,0,0,0,0,0,0,0,0,0,0,0,0,0,0,0,0,0,0,0,0,0,0,0,0,0,0,0,0,0,3,10,4,23,0
0,0,0,0,0,0,0,0,0,0,0,0,0,0,0,0,0,0,0,0,11,0,7,0,4,0,18,0,0,0,20,0,0,5,3,0,0,21,21,5,47,24,0,21,26,0,6,2,22,0,14,0,26,7,37,0,0,11,40,24,48,0,0,0,15,25,0,0,0,10,14,11,10,0,0,17,7,10,26,34,0,0,20,12,0,0,0,0,3,5,0,34,19,6,0,17,16,9,21,21,0,20,24,0,13,0,0,15,0,0,12,0,0,0,9,34,31,48,0,9,0,0,0,13,0,0,0,0,0,0,0,0,0,0,0,0,0,0,0,0,0,0,0,0,0,0,0,0,0,0,0,0,0,0,0,0,0,0,0,0,1,0
0,0,0,0,0,0,0,0,0,0,0,0,0,0,0,0,0,0,0,9,0,7,3,0,7,0,0,17,0,0,0,27,0,9,18,1,0,7,4,26,0,3,33,0,0,44,0,3,0,19,0,37,17,25,0,7,17,0,0,12,0,0,0,0,0,8,0,0,0,26,2,42,25,0,16,0,22,9,13,19,7,12,0,8,0,11,0,0,0,0,20,10,0,0,39,2,1,13,29,50,14,10,27,0,22,0,0,0,11,0,0,0,0,15,5,4,0,10,10,0,0,13,0,6,0,4,19,0,16,15,20,0,0,0,0,0,0,0,0,0,0,0,0,0,0,0,0,0,0,0,0,0,0,0,0,0,0,0,0,0,0,0
0,0,0,0,0,0,0,0,0,0,0,0,0,0,0,0,0,3,22,12,21,13,5,0,0,0,0,0,11,18,12,0,0,0,13,23,20,28,0,7,19,3,1,0,4,0,1,18,18,12,0,0,0,0,16,5,33,0,16,25,0,0,25,0,0,0,51,0,30,0,0,0,0,15,28,0,15,0,13,32,0,0,0,35,21,0,0,0,15,0,0,8,0,2,0,0,0,0,1,0,14,0,0,0,7,0,0,0,0,20,9,0,12,24,55,33,27,0,0,0,0,0,0,8,0,30,16,13,21,8,8,106,97,71,85,0,0,0,0,0,0,0,0,0,0,0,0,0,0,0,0,0,0,0,0,0,0,0,0,0,0,0
0,0,0,0,0,0,0,0,0,0,0,0,0,0,0,0,7,0,16,24,0,4,25,6,16,2,9,23,0,0,0,18,0,28,8,0,0,7,26,12,1,0,4,1,0,38,10,0,0,0,0,0,0,9,0,0,0,0,0,20,0,0,0,4,0,0,0,18,1,0,0,1,8,11,21,7,0,3,1,22,1,28,0,4,0,0,0,11,0,14,0,0,0,0,0,36,0,4,14,13,0,10,0,11,5,7,0,13,14,16,0,12,17,28,52,9,0,5,44,20,5,8,4,5,21,15,0,0,23,24,81,60,0,8,18,38,0,0,0,0,0,0,0,0,0,0,0,0,0,0,0,0,0,0,0,0,0,0,0,0,0,0
0,0,0,0,0,0,0,0,0,0,0,0,0,0,8,15,15,0,11,10,22,14,0,19,13,26,0,16,0,0,0,5,0,0,0,0,0,11,0,1,8,0,0,0,0,0,0,0,0,0,0,0,0,0,0,20,0,0,0,0,0,0,0,0,0,0,9,0,0,0,29,0,0,0,8,0,19,8,11,5,0,0,0,9,22,0,0,7,0,0,0,17,22,10,0,0,8,0,0,0,8,0,8,8,19,0,0,19,25,3,0,20,0,0,15,0,0,2,4,0,8,25,5,0,16,28,0,0,22,0,17,9,0,14,22,72,51,42,1,29,30,0,0,0,0,0,0,0,0,0,0,0,0,0,0,0,0,0,0,0,0,0
0,0,0,0,0,0,0,0,0,0,0,0,0,20,0,3,4,0,23,4,13,0,0,0,25,0,4,0,0,0,0,18,0,0,0,0,0,7,15,0,0,0,0,0,0,0,1,13,0,0,0,0,0,0,2,0,0,0,0,0,0,0,0,0,9,0,19,0,0,0,0,4,25,26,14,0,19,0,26,0,0,0,15,1,18,0,4,0,0,0,0,7,11,17,0,0,0,0,0,0,0,0,0,14,21,0,0,0,24,11,15,0,18,1,33,29,11,0,35,0,31,5,0,0,0,0,0,6,24,8,0,0,0,33,36,46,32,6,33,40,34,70,70,0,0,0,0,0,0,0,0,0,0,0,0,0,0,0,0,0,0,0
0,0,0,0,0,0,0,0,0,0,0,0,0,12,31,0,0,0,22,0,5,10,14,10,0,0,17,10,3,0,0,25,0,10,0,0,0,0,0,0,0,14,0,0,0,0,0,10,0,4,0,5,10,28,1,48,35,0,15,0,0,0,0,0,0,13,0,0,4,0,20,0,53,26,20,43,33,0,13,0,0,23,14,0,0,18,4,0,0,0,0,0,0,0,0,0,0,0,0,0,0,0,0,0,0,0,25,0,2,5,0,0,14,0,7,0,2,8,0,12,6,5,0,18,0,15,6,3,0,0,14,42,35,1,16,0,16,3,2,39,9,24,57,15,31,11,0,0,0,0,0,0,0,0,0,0,0,0,0,0,0,0
0,0,0,0,0,0,0,0,0,0,0,0,0,27,0,0,0,2,12,28,0,16,16,0,0,24,0,0,9,0,0,19,0,0,0,7,0,0,0,0,13,0,0,0,28,0,6,25,0,0,0,0,2,4,42,0,0,5,23,8,12,0,5,0,0,0,0,2,0,0,0,0,20,39,16,10,48,20,12,36,30,21,0,0,0,18,7,0,0,0,0,0,0,1,4,0,0,7,4,0,0,0,0,1,0,0,0,0,1,6,3,38,24,26,0,16,6,37,3,0,35,0,0,1,3,1,0,0,1,1,0,0,3,22,20,13,22,47,36,0,15,20,46,5,15,13,20,5,0,0,0,0,0,0,0,0,0,0,0,0,0,0
0,0,0,0,0,0,0,0,0,0,0,0,63,12,2,0,0,0,0,18,10,16,0,0,0,39,0,11,33,0,0,0,12,8,0,0,0,0,0,0,0,0,8,4,7,19,9,4,34,4,18,13,5,29,22,18,0,4,30,0,0,3,36,30,0,0,0,0,0,16,0,9,0,0,0,7,0,0,12,4,15,0,12,10,0,0,0,0,0,0,0,0,18,43,8,0,19,18,19,10,48,0,18,0,0,0,0,0,0,0,0,25,0,0,24,0,3,16,5,0,16,0,9,0,22,24,0,22,49,0,0,0,0,17,13,14,29,29,0,0,27,20,0,0,21,25,0,13,1,47,59,57,0,0,0,0,0,0,0,0,0,0
0,0,0,0,0,0,0,0,0,0,0,16,14,16,13,0,0,0,0,4,0,0,0,6,1,0,17,23,20,1,2,0,0,18,0,0,5,0,4,0,5,36,19,0,0,0,0,0,0,0,17,24,8,0,20,2,0,1,22,17,0,29,0,23,24,14,11,0,0,0,0,0,0,0,0,0,0,0,0,0,0,0,0,0,0,0,0,0,0,0,2,0,23,31,11,26,38,4,1,12,0,7,24,0,23,14,0,0,0,0,0,0,6,1,0,0,6,36,0,25,2,27,23,17,4,10,0,0,13,14,14,0,0,0,10,5,27,96,0,17,28,21,20,19,11,5,29,41,64,51,83,426,206,0,0,0,0,0,0,0,0,0
0,0,0,0,0,0,0,0,0,0,0,0,17,0,38,0,0,0,0,24,16,0,21,43,23,11,0,0,0,0,20,0,0,2,0,0,0,9,29,17,35,7,14,0,0,4,0,0,6,18,0,20,20,0,10,1,0,0,0,15,0,27,0,17,21,11,0,0,0,8,0,42,0,0,2,15,0,0,0,0,0,0,0,0,12,0,0,0,0,10,41,16,4,10,13,0,30,9,0,10,18,24,5,22,0,0,0,0,0,7,19,0,17,2,0,0,0,16,2,0,0,0,3,0,12,0,0,0,8,0,63,0,0,0,7,33,11,0,0,0,0,6,0,23,6,0,7,20,40,69,73,237,455,0,0,0,0,0,0,0,3,0
0,0,0,0,0,0,0,0,0,0,0,12,35,1,0,0,9,0,0,0,3,0,0,0,41,0,30,0,35,0,0,11,0,0,0,0,0,20,8,0,0,15,18,18,0,0,0,16,0,20,35,1,0,5,0,3,0,17,0,0,24,0,3,0,0,21,39,0,0,0,0,0,0,8,0,0,22,0,0,0,0,0,0,0,4,0,0,0,0,0,0,25,16,17,11,20,26,31,0,22,20,14,10,17,0,0,0,0,11,0,0,0,0,0,3,5,0,0,9,54,29,0,31,5,0,0,5,12,37,51,33,0,0,24,15,6,0,12,13,3,0,0,7,0,0,19,0,1,16,33,43,135,534,84,0,0,0,0,0,0,0,0
0,0,0,0,0,0,0,0,0,0,29,10,24,0,8,0,0,0,0,0,0,0,10,9,17,5,0,0,6,0,0,0,0,2,0,0,0,16,16,11,0,29,0,0,0,49,0,1,0,19,0,6,0,0,37,0,2,0,17,0,42,2,0,0,8,0,14,12,0,0,0,0,0,0,0,11,9,0,0,0,0,21,0,0,3,0,0,0,6,53,43,13,0,5,24,4,0,19,0,6,12,0,0,8,19,21,24,0,13,0,13,10,50,26,0,0,0,0,0,3,21,8,0,11,123,88,0,0,0,18,0,4,0,19,14,0,0,39,6,4,22,0,0,0,0,0,11,0,35,19,54,72,104,201,0,0,0,0,0,0,0,0
0,0,0,0,0,0,0,0,0,0,18,7,0,0,10,0,0,0,10,0,19,13,6,0,0,9,0,30,0,0,23,0,4,0,0,0,0,20,10,24,19,30,7,0,0,14,0,24,0,0,0,0,33,6,0,0,0,0,29,0,0,11,0,24,12,0,21,0,4,30,7,0,0,0,0,0,0,5,0,12,2,0,3,22,0,0,0,8,27,13,31,28,3,26,0,0,38,0,19,0,0,0,7,0,4,0,6,18,29,18,4,15,18,2,10,26,0,0,0,11,0,0,69,11,0,39,8,30,51,0,31,0,19,0,15,53,7,0,3,0,0,0,0,16,19,16,0,2,48,1,29,48,29,138,194,0,0,0,0,0,0,0
0,0,0,0,0,0,0,0,0,26,0,3,0,21,0,0,0,0,0,2,12,3,25,20,0,7,0,0,31,0,0,7,0,0,0,1,0,5,50,47,57,4,0,0,9,1,0,0,0,0,0,0,5,29,0,67,2,0,0,0,16,4,12,4,17,13,0,8,0,13,0,0,0,0,0,0,9,4,0,3,0,0,0,0,0,0,0,17,4,16,0,38,1,19,0,0,0,14,0,0,2,0,0,0,0,5,51,5,0,63,29,42,0,47,10,22,16,9,0,0,0,0,0,0,52,53,0,12,25,18,31,31,1,32,13,0,2,56,37,20,11,12,5,8,0,16,8,21,10,1,14,35,0,45,381,86,0,0,0,0,0,0
0,0,0,0,0,0,0,0,0,0,0,13,0,0,13,0,1,4,0,0,0,0,3,27,20,21,5,0,0,0,0,0,0,0,0,5,0,0,0,13,5,16,24,0,0,0,0,0,0,36,30,50,41,0,0,0,6,0,2,41,0,4,3,21,0,12,0,17,12,0,0,0,0,0,4,0,0,0,0,0,11,0,0,2,1,0,0,0,0,0,4,19,0,9,0,31,0,9,14,0,0,0,0,23,0,0,2,16,0,12,5,23,0,0,26,15,34,0,9,0,0,0,0,0,0,216,17,6,20,13,21,0,0,7,0,1,0,45,33,0,97,14,7,6,0,5,16,0,12,0,48,10,29,74,208,187,0,0,0,0,0,0
0,0,0,0,0,0,0,0,18,1,0,10,17,17,35,2,58,1,0,2,14,51,16,0,0,0,0,0,0,0,36,0,0,0,33,0,0,0,0,31,36,3,1,0,0,0,1,0,11,0,44,0,0,0,1,0,0,0,0,4,9,17,20,14,0,0,0,3,24,0,0,7,80,0,15,23,0,10,5,0,0,15,0,0,0,13,6,0,26,24,1,0,20,25,5,16,15,13,34,0,38,22,0,4,0,0,11,0,1,0,0,0,4,1,0,0,4,26,0,31,16,0,0,1,0,0,2,0,2,0,0,0,0,2,0,0,0,0,3,0,0,0,2,31,4,23,0,11,0,0,3,18,25,23,75,292,0,0,0,0,0,0
0,0,0,0,0,0,0,0,48,0,3,0,13,18,11,0,0,0,1,4,0,0,0,4,0,1,13,0,0,16,0,0,0,0,14,0,26,1,0,8,26,0,0,0,8,4,29,0,59,13,3,0,24,0,3,3,18,0,0,0,24,0,0,0,22,0,16,5,20,5,2,0,6,39,10,26,0,0,9,0,5,42,49,20,26,14,0,0,37,6,6,0,10,0,11,0,0,42,4,0,0,6,0,11,0,0,0,23,0,0,0,0,0,0,0,8,0,0,10,17,35,0,12,0,0,4,19,2,5,8,0,27,0,4,0,0,1,0,0,3,10,0,16,13,13,0,0,25,0,23,17,24,31,21,18,273,16,0,0,0,0,0
0,0,0,0,0,0,0,0,9,12,0,5,34,0,0,0,0,17,0,29,10,0,0,33,0,0,0,0,0,0,0,0,0,0,27,0,0,0,5,22,0,0,0,0,26,28,1,43,12,13,31,0,55,12,5,16,16,30,0,0,0,0,8,0,0,11,0,0,0,0,0,0,0,0,0,32,21,49,6,0,16,7,0,25,0,0,29,16,0,43,19,0,12,0,0,0,0,0,0,14,0,0,8,12,16,4,0,0,0,0,152,435,0,7,8,0,0,24,17,0,35,55,47,9,0,1,1,0,0,0,26,27,0,11,9,0,20,0,36,0,0,36,10,15,11,0,7,0,8,10,0,0,7,5,93,151,150,0,0,0,0,0
0,0,0,0,0,0,0,0,12,4,0,0,24,0,0,5,0,0,8,0,1,0,0,37,0,12,0,2,0,16,0,1,0,15,19,0,3,11,35,60,27,8,37,4,41,0,23,0,0,0,0,0,13,0,0,0,1,31,0,1,0,7,4,0,24,0,9,19,0,19,0,0,8,0,20,41,12,9,9,0,0,0,12,0,34,14,2,0,3,0,0,0,59,0,0,70,0,15,16,15,0,3,65,0,0,9,0,3,22,21,63,157,0,0,8,22,22,23,5,25,0,0,37,27,0,0,0,0,8,0,36,0,0,3,0,0,10,0,0,18,0,0,0,33,29,0,0,18,0,18,17,20,23,4,58,66,100,0,0,0,0,0
0,0,0,0,0,0,0,7,0,0,0,31,0,3,0,0,0,0,19,6,0,0,2,0,9,13,11,0,0,11,0,0,0,27,38,0,15,6,3,14,11,0,0,0,0,14,23,0,13,0,0,21,3,0,7,0,0,0,5,6,0,11,1,2,0,0,37,10,0,25,22,0,48,25,46,25,58,13,0,0,41,76,18,5,25,0,0,9,0,0,0,18,17,0,22,10,3,0,0,0,20,0,0,0,0,13,0,14,39,39,12,31,13,18,66,27,0,14,8,0,0,0,0,67,5,0,10,0,0,7,0,0,15,0,0,0,0,23,1,47,98,4,15,0,15,0,23,2,3,21,0,7,11,12,23,11,220,50,0,0,0,0
0,0,0,0,0,0,0,16,0,0,22,0,0,0,0,0,0,0,0,0,1,22,19,35,0,0,0,19,0,0,0,0,0,0,19,57,26,0,0,2,48,17,34,0,0,0,0,0,0,7,14,0,38,12,0,2,0,13,10,17,0,9,36,0,0,0,0,0,26,0,5,0,0,6,39,3,0,0,0,0,24,42,17,36,38,0,0,0,20,0,2,0,0,0,0,13,0,22,7,11,20,16,18,0,11,0,30,0,7,22,5,37,0,21,26,11,14,23,0,17,0,13,44,22,31,0,8,0,0,0,0,0,0,0,0,0,0,18,0,5,7,17,23,0,0,0,0,0,30,14,2,0,19,0,19,41,62,79,0,0,0,0
0,0,0,0,0,0,0,0,0,0,1,43,0,49,16,0,0,9,29,5,0,0,0,0,12,0,0,3,0,0,3,5,0,0,13,9,0,11,5,16,2,0,22,18,0,0,0,0,0,14,18,6,24,3,0,0,5,61,0,0,4,11,10,0,17,5,19,0,2,70,16,0,2,17,0,0,0,0,0,0,21,22,36,90,31,0,0,0,27,54,0,0,0,0,0,0,19,55,1,21,31,0,0,0,19,0,17,2,0,0,33,0,0,0,15,22,0,0,0,0,7,37,30,8,0,1,0,0,0,0,0,0,0,0,0,0,7,6,0,0,11,20,11,45,0,0,19,0,10,0,0,28,16,5,23,32,43,51,0,0,0,0
0,0,0,0,0,0,0,0,3,0,28,25,14,0,0,0,5,22,10,29,0,20,1,8,0,0,0,0,0,0,0,0,0,0,0,22,45,0,22,16,0,0,0,2,45,8,4,0,0,0,0,20,0,0,0,0,35,20,24,13,4,4,0,0,25,0,24,12,1,0,56,3,22,14,34,28,0,9,19,0,0,0,0,23,2,7,6,0,31,7,23,22,5,10,0,13,0,0,1,5,0,0,7,38,0,0,0,3,31,21,0,19,0,0,10,22,7,35,32,1,20,5,0,7,0,0,14,6,0,0,0,0,7,0,0,0,0,0,0,0,4,13,0,13,76,34,7,0,7,12,30,8,5,0,0,0,0,33,35,0,0,0
0,0,0,0,0,0,0,13,0,11,0,0,0,18,8,0,0,14,0,2,0,0,8,0,0,0,5,0,0,6,0,8,0,0,0,2,42,0,23,39,0,0,0,0,0,18,0,0,0,0,5,0,0,0,24,13,0,0,0,0,0,0,0,44,0,0,0,6,6,9,0,0,0,0,34,24,0,0,0,5,0,0,39,7,0,5,32,0,2,0,0,0,3,1,0,5,0,0,24,0,13,20,15,6,0,0,0,0,15,0,19,0,0,0,8,0,0,0,0,0,0,0,0,0,0,0,0,2,3,11,0,0,0,0,0,0,0,0,15,13,3,0,0,0,40,4,0,13,0,26,0,0,3,10,0,0,17,23,55,0,0,0
0,0,0,0,0,3,17,35,17,3,34,0,9,5,0,11,13,0,0,0,0,0,0,0,0,0,0,0,2,27,0,0,0,0,1,0,4,17,3,3,24,0,0,0,9,0,0,3,0,0,12,17,11,21,1,33,37,0,13,0,0,0,15,7,7,6,12,23,0,13,0,0,26,0,10,52,0,0,0,0,0,0,0,13,25,0,10,0,0,0,0,0,8,21,1,1,0,0,0,0,18,2,10,8,41,4,0,0,16,0,0,0,0,0,0,0,0,0,0,19,0,0,0,0,0,0,0,0,0,0,0,0,33,0,0,0,0,0,13,0,10,10,9,0,73,0,0,0,7,0,0,14,9,2,0,8,10,24,61,3,0,0
0,0,0,0,0,0,0,0,0,20,0,0,34,20,0,0,3,0,0,0,27,36,0,1,0,0,0,0,0,0,6,9,5,0,0,0,7,0,0,9,0,0,0,0,0,0,8,0,0,27,37,29,0,0,12,0,9,0,0,15,14,0,0,0,10,0,0,2,0,0,7,8,24,17,38,14,0,0,0,0,0,1,0,10,0,45,18,14,0,19,15,0,37,13,0,7,0,0,0,0,0,56,9,11,25,1,16,5,29,9,14,36,0,17,0,0,0,18,0,0,0,0,10,5,18,0,0,5,0,0,24,0,0,0,3,0,0,0,27,0,21,4,0,16,0,5,69,25,25,2,43,10,5,0,0,20,0,0,0,19,0,0
0,0,0,0,0,0,0,55,0,9,0,13,38,8,0,0,0,0,0,0,0,0,7,1,0,0,8,0,6,0,0,1,13,0,0,0,0,0,0,0,0,0,0,8,0,0,8,15,0,18,0,0,6,2,14,15,0,0,32,15,0,39,22,0,12,0,4,13,0,24,21,0,5,8,0,0,0,0,0,0,0,0,0,5,35,65,0,9,0,3,22,7,0,0,0,2,0,8,23,14,0,13,14,23,0,0,0,2,0,0,7,26,5,0,9,0,0,0,0,9,0,0,0,0,0,0,0,12,0,0,0,0,0,13,0,0,0,0,0,0,0,9,24,0,12,17,25,20,0,74,0,0,10,89,4,0,5,0,9,10,0,0
0,0,0,0,3,0,0,42,0,13,27,35,6,17,8,0,0,28,0,24,0,12,0,0,16,0,0,0,0,0,0,0,0,0,31,0,0,0,0,6,0,0,0,0,27,0,0,9,2,25,0,0,0,9,15,0,11,14,0,0,4,0,26,0,15,0,56,19,24,0,0,0,0,16,0,0,4,0,19,17,21,0,0,0,1,0,23,42,12,44,25,10,0,0,12,7,1,17,0,28,18,16,18,19,0,46,58,0,31,0,45,15,4,14,0,25,0,0,0,18,0,0,0,0,0,1,0,0,0,7,0,0,0,0,0,14,0,0,0,0,0,0,25,0,9,7,0,1,31,15,6,12,9,0,40,24,16,0,0,31,0,0
0,0,0,0,0,0,9,0,0,14,4,0,0,0,0,0,13,8,29,0,18,7,11,0,0,0,0,12,0,0,0,2,0,0,11,0,0,0,0,0,0,0,0,0,9,0,0,0,1,0,31,0,7,48,0,0,0,0,4,21,16,12,23,0,0,0,11,19,12,7,0,28,0,13,0,0,0,0,4,31,19,4,12,0,0,0,0,0,9,9,0,0,0,0,0,21,16,0,15,20,1,0,9,0,0,0,18,14,1,4,3,23,16,8,0,0,46,8,0,0,0,0,0,0,0,0,0,0,0,0,0,0,0,0,0,14,3,0,0,0,0,0,0,0,0,1,32,18,0,0,0,6,0,26,14,9,2,1,0,14,35,0
0,0,0,0,0,2,0,21,0,4,15,20,0,29,0,15,22,0,0,36,7,0,0,0,0,0,0,15,0,15,0,0,0,7,0,9,0,0,0,0,0,0,0,4,12,0,0,0,0,38,0,1,1,0,35,4,9,0,15,0,0,19,10,25,0,0,0,0,11,35,0,0,2,0,21,0,0,0,7,7,0,4,0,0,0,0,0,0,13,0,0,0,9,0,0,0,16,0,7,8,33,7,0,15,0,0,38,0,8,0,5,25,0,13,0,0,7,0,0,0,0,0,0,0,0,0,0,0,15,3,0,0,34,13,0,0,0,0,6,0,0,0,0,0,0,38,0,0,0,2,0,0,0,0,24,18,0,10,0,1,0,0
0,0,0,0,0,0,0,0,0,1,0,18,0,60,0,0,0,0,39,0,0,0,1,0,22,0,0,0,0,0,0,0,0,0,10,16,0,0,0,0,0,0,0,25,0,6,11,18,0,0,0,0,0,3,0,22,0,0,0,0,0,31,0,0,0,31,28,0,40,0,0,0,0,0,0,3,2,10,0,5,19,61,24,16,0,0,37,0,0,0,0,3,5,0,0,14,14,103,33,0,0,22,0,0,0,2,0,19,22,12,0,40,20,0,3,2,3,18,14,0,0,3,0,0,0,11,0,0,0,0,0,0,0,0,1,0,3,0,0,0,3,0,0,0,0,31,0,1,11,24,0,5,0,0,0,8,24,25,46,0,25,0
0,0,0,21,0,3,0,0,0,8,41,30,0,44,0,0,0,0,0,0,41,0,0,1,0,0,0,0,0,0,0,0,10,1,0,0,0,1,0,18,5,0,0,52,0,18,0,0,0,0,0,37,0,27,0,11,0,12,1,0,0,5,0,0,14,0,0,9,27,6,0,5,1,0,3,29,29,5,13,45,0,26,20,23,13,2,0,12,0,21,6,0,0,7,11,0,0,17,0,10,0,0,30,0,0,16,0,0,7,2,9,19,0,4,0,33,12,42,1,0,13,18,0,5,3,0,4,0,0,5,0,0,0,0,0,0,0,0,0,0,0,0,19,0,0,20,0,9,12,0,3,0,29,0,0,16,12,0,2,36,11,0
0,0,0,0,0,0,2,0,0,7,16,0,0,0,3,0,23,0,0,0,0,0,0,0,5,6,0,0,0,0,0,4,27,0,0,0,0,7,0,0,0,0,0,14,3,0,0,0,0,0,23,0,0,0,0,0,0,7,8,0,3,17,0,1,45,12,0,14,1,0,14,0,18,0,9,32,4,13,4,0,23,29,16,0,0,0,35,5,0,0,0,41,9,17,7,0,42,27,0,0,25,0,33,0,0,0,0,0,27,12,0,8,0,9,0,0,0,0,50,0,0,0,0,0,5,0,0,2,0,0,0,0,0,0,0,0,23,4,0,0,0,0,0,0,12,31,20,37,16,28,32,0,0,0,0,21,6,11,20,0,32,0
0,0,0,14,0,0,1,0,0,0,0,27,0,0,0,0,17,0,4,0,0,0,0,0,0,0,0,0,0,0,0,0,0,19,0,35,9,18,0,0,22,0,5,8,1,0,0,3,0,18,0,0,0,0,0,2,3,15,27,12,1,1,21,22,0,45,13,1,0,0,0,0,0,0,22,0,0,28,0,41,8,3,4,0,4,0,0,3,18,40,0,0,0,21,0,12,12,0,0,11,0,0,26,15,0,18,0,0,0,16,11,32,1,0,0,0,1,9,16,0,14,5,0,0,16,0,16,0,0,0,0,0,0,9,17,22,0,0,0,13,0,0,0,0,0,13,0,35,6,2,0,0,6,0,24,5,11,0,31,25,29,0
0,0,0,0,4,0,0,15,13,10,19,38,0,0,0,0,2,0,0,0,0,0,0,0,0,0,13,12,0,0,0,0,1,0,0,18,0,2,20,0,0,0,30,10,14,0,0,0,0,0,0,0,0,9,10,0,0,0,0,10,2,8,20,8,0,12,0,0,0,35,0,0,0,0,0,11,7,0,7,24,0,18,34,25,15,6,0,3,10,0,5,19,0,11,0,17,0,27,0,13,0,1,7,0,0,0,0,16,31,0,0,0,0,11,7,18,0,6,0,3,0,7,0,0,0,0,0,0,0,0,0,0,3,0,0,0,0,0,33,13,0,0,7,0,0,4,0,0,10,24,0,0,0,11,2,3,0,23,6,30,6,0
0,0,0,0,0,4,35,0,13,4,11,0,31,0,0,0,12,0,16,10,0,0,0,12,0,0,0,0,0,0,0,0,0,0,0,0,0,0,0,1,0,1,5,1,0,0,14,8,0,0,0,5,41,26,0,0,0,2,33,10,11,17,0,18,4,0,7,0,0,19,0,7,0,45,3,0,0,20,0,0,0,0,40,27,27,14,5,0,0,0,27,48,0,0,15,0,1,19,30,26,1,0,4,5,5,0,0,0,14,0,14,25,0,8,12,0,4,15,0,0,0,18,0,0,0,0,0,0,0,0,0,0,0,0,0,0,0,0,31,9,5,0,0,1,0,0,0,0,0,0,0,0,9,13,0,0,0,0,21,28,47,0
0,0,0,0,0,7,19,0,0,26,22,0,0,0,1,0,30,5,0,22,25,0,0,0,0,0,0,0,0,0,0,0,0,0,0,0,0,0,0,0,0,21,10,16,0,0,0,0,9,0,6,0,0,0,0,30,13,20,0,39,0,38,0,7,9,8,21,0,0,38,32,0,0,7,1,10,9,0,4,0,0,16,14,17,8,0,0,2,0,0,6,38,41,22,18,2,0,34,4,30,9,0,0,17,7,40,0,19,8,0,0,9,0,6,1,0,0,0,0,0,0,0,0,0,0,0,3,0,0,0,0,0,0,0,0,0,14,0,15,0,15,0,0,0,0,0,14,18,0,23,0,6,6,0,10,14,0,0,0,0,0,12
0,0,0,0,0,0,0,0,0,0,0,5,7,21,0,0,14,6,0,14,0,0,13,0,0,20,0,15,0,0,0,0,0,0,0,5,0,0,0,0,21,0,24,0,15,0,0,0,1,3,0,0,5,0,0,0,0,24,0,17,26,0,34,34,9,0,22,0,0,0,14,24,16,6,0,0,14,32,0,19,12,0,15,18,0,12,0,8,0,0,0,10,19,10,1,18,9,3,0,0,0,4,8,0,2,0,8,3,19,0,0,0,12,0,0,22,7,12,7,0,13,0,0,0,0,0,18,0,0,0,0,0,0,0,5,20,0,0,14,34,0,0,0,0,23,17,5,6,0,4,0,0,3,0,0,0,0,13,0,0,2,0
0,0,0,0,0,0,13,0,0,29,0,13,19,0,1,0,7,0,0,0,0,0,0,0,0,3,0,0,0,0,0,0,0,0,0,0,0,0,0,10,18,0,0,12,6,0,0,0,16,38,0,0,1,0,12,20,23,0,0,18,0,0,0,36,10,0,6,0,0,7,1,0,1,9,0,0,0,2,0,0,11,0,10,0,18,3,2,8,0,0,17,0,3,44,42,0,0,16,0,0,1,6,11,0,0,0,23,16,13,15,0,1,0,6,0,0,1,0,0,0,0,0,21,62,0,0,0,0,0,0,0,1,1,3,18,15,9,0,3,0,0,0,0,0,5,16,0,22,0,0,0,0,0,0,6,14,0,5,0,15,0,14
2,0,0,0,4,0,0,5,19,0,0,0,9,0,0,10,0,0,8,0,0,0,0,0,0,0,0,0,0,0,0,0,0,0,7,0,0,0,0,29,20,0,0,0,0,0,0,1,20,21,33,0,0,0,0,13,5,0,10,0,0,37,0,21,4,0,15,0,0,13,11,32,13,0,29,0,0,0,9,26,4,21,0,3,5,13,22,0,0,2,5,19,13,0,21,30,24,1,0,11,23,18,0,31,9,0,4,0,30,0,13,8,0,0,0,0,0,12,13,0,0,0,0,18,0,0,0,0,20,0,0,0,0,0,13,18,21,17,0,22,0,0,0,0,40,0,0,0,0,43,0,0,10,0,0,0,11,0,0,0,0,28
0,0,0,0,0,0,31,0,0,32,0,12,0,5,0,0,7,0,10,0,0,3,0,0,0,11,8,23,0,3,0,0,0,0,6,0,0,0,0,16,0,0,0,0,0,12,0,18,0,16,0,3,14,10,39,20,16,0,0,0,11,32,9,12,16,0,12,0,18,3,0,0,22,0,10,20,11,0,0,4,0,12,22,25,0,16,0,0,31,17,18,4,3,11,5,0,0,24,14,0,0,0,0,0,13,0,11,10,36,6,18,0,0,0,44,7,0,0,0,0,3,15,54,0,20,7,0,0,5,0,0,0,0,0,0,0,1,0,0,0,8,0,0,0,0,6,0,0,0,0,2,0,26,26,0,0,0,34,21,0,0,16
0,0,0,0,0,0,15,15,26,23,0,0,0,11,0,0,0,20,36,0,3,0,0,0,0,0,3,32,5,20,0,0,0,0,0,0,0,0,0,0,8,0,0,0,0,0,0,0,0,0,0,4,5,29,0,0,8,5,0,0,0,4,21,19,0,0,9,8,0,13,0,25,0,0,0,12,0,2,0,32,5,0,0,21,9,0,0,0,13,0,44,13,0,0,0,2,0,30,15,22,1,0,8,0,0,0,2,43,0,0,7,0,0,14,10,0,0,0,5,1,7,41,0,0,18,0,0,0,0,7,0,0,0,0,0,32,0,107,0,18,0,0,0,89,15,4,3,27,0,11,0,0,0,0,88,0,0,0,19,7,47,5
0,0,0,0,0,0,16,5,10,0,51,0,9,0,0,0,13,0,0,0,0,33,0,0,0,13,0,0,0,10,0,0,0,0,0,0,0,0,0,0,0,11,10,3,0,0,4,0,0,14,20,3,0,0,0,10,0,0,27,0,0,5,0,0,4,38,5,0,0,0,0,3,0,0,24,37,21,32,0,0,0,13,16,18,26,17,18,0,0,0,7,0,0,0,0,5,8,0,0,0,0,0,0,21,0,7,0,0,15,9,0,0,0,0,0,3,0,0,0,0,23,0,0,0,0,0,0,0,0,0,0,0,0,0,0,13,10,36,0,1,0,15,0,0,5,0,2,2,0,0,0,13,0,19,216,42,11,0,0,0,49,0
0,0,0,0,0,0,6,8,0,23,0,0,0,16,0,0,0,0,15,2,0,0,17,0,1,5,24,0,6,5,0,0,0,0,0,0,0,0,0,0,0,20,6,6,0,0,0,0,9,0,0,0,0,17,0,16,25,7,3,0,0,7,17,6,0,13,0,39,0,0,12,2,0,14,0,32,0,9,0,0,5,0,0,25,7,8,17,5,16,5,0,3,0,0,0,10,0,0,0,0,24,0,22,25,0,8,21,19,0,24,0,0,0,0,0,6,0,9,13,0,35,0,0,0,0,7,0,0,0,0,0,0,0,13,4,0,0,38,12,0,0,0,6,4,0,0,0,26,1,8,9,0,0,0,22,0,3,0,14,41,42,0
0,0,0,0,0,0,0,0,0,12,0,0,23,0,0,0,35,10,17,0,21,0,9,29,17,23,0,0,0,0,11,0,0,0,0,0,0,0,2,0,0,0,6,0,0,0,0,0,1,3,6,0,9,2,4,0,13,0,6,4,5,9,0,0,0,0,0,0,0,0,0,13,0,0,0,17,33,21,13,0,15,23,3,10,26,27,0,23,11,2,0,4,0,15,12,0,8,12,0,5,0,0,25,12,0,12,0,16,14,0,0,18,0,0,0,0,13,1,17,0,29,10,0,0,0,0,0,0,0,0,0,21,20,0,17,1,45,1,0,10,3,26,0,0,39,1,0,0,0,3,13,0,6,35,68,1,20,0,17,33,0,0
0,0,0,0,0,0,25,0,0,0,47,0,21,0,0,0,13,3,1,2,0,0,0,0,30,35,0,11,7,0,34,1,0,0,0,0,0,0,0,0,0,8,0,28,0,0,4,6,0,0,0,0,32,0,23,0,2,12,14,2,3,11,3,0,6,0,0,0,23,0,17,5,0,24,4,29,1,0,0,21,28,0,27,0,3,20,0,0,3,0,35,0,0,0,0,0,0,0,22,16,0,9,18,28,0,0,0,0,14,27,0,0,14,13,41,8,22,12,0,27,0,29,0,0,0,9,0,0,0,0,0,0,0,0,0,0,0,0,12,38,1,0,11,0,27,3,0,0,0,17,1,1,0,8,15,0,40,0,0,19,0,0
0,0,0,0,0,0,0,0,0,0,0,35,9,0,0,0,7,7,16,0,2,0,0,0,0,40,33,2,0,0,0,38,0,0,0,0,0,0,0,0,15,0,0,18,0,0,0,16,0,2,0,0,0,0,0,0,0,25,13,0,0,12,0,17,0,0,0,0,0,14,0,0,7,0,0,2,0,15,1,11,0,39,0,1,9,0,9,0,40,0,21,12,0,20,0,0,9,0,0,11,0,0,0,10,1,1,7,0,32,38,0,15,0,2,11,0,0,0,0,8,0,0,0,0,0,0,0,1,0,0,0,7,0,0,0,0,0,12,1,0,4,0,2,0,4,0,3,13,12,0,0,16,5,0,5,2,9,0,6,43,5,0
0,0,0,0,0,0,19,0,0,22,0,26,11,0,0,0,0,5,0,0,0,2,16,0,0,8,16,0,16,0,22,0,0,0,6,0,0,2,0,0,0,0,0,0,0,0,0,21,0,0,13,0,0,0,0,0,0,2,1,0,33,11,10,7,5,0,0,18,12,0,24,0,0,13,24,0,24,0,5,0,0,0,0,0,7,0,0,0,36,35,9,5,10,0,0,0,7,32,0,5,24,0,13,0,26,26,20,4,0,0,0,4,4,13,0,0,0,0,21,0,0,0,0,0,1,0,0,0,0,0,0,6,27,18,0,0,0,33,27,9,0,23,0,0,0,4,0,9,0,0,0,18,17,0,0,1,0,6,28,36,0,0
0,0,0,0,0,0,0,0,26,10,9,0,0,18,0,0,0,16,0,0,11,0,0,0,0,0,0,0,8,0,0,26,0,0,0,0,0,0,0,0,0,0,0,0,0,0,10,0,0,0,0,0,0,4,9,0,0,0,15,0,1,6,37,16,20,34,15,0,0,0,24,2,0,0,12,19,0,0,0,0,0,0,23,0,0,0,45,0,0,0,28,29,20,7,0,0,0,12,0,30,0,11,0,0,27,0,5,0,25,17,4,0,0,17,0,0,0,0,13,20,0,0,0,0,0,0,0,24,0,0,0,19,0,4,52,0,0,45,12,3,15,0,0,0,0,0,8,0,0,23,0,0,0,11,0,24,3,0,0,65,0,0
0,0,0,0,0,0,0,2,0,13,0,19,10,0,0,2,0,29,35,26,25,24,0,0,0,19,13,0,15,34,0,0,53,0,36,26,25,9,0,0,0,0,0,0,0,0,6,10,0,10,0,37,0,0,1,0,0,5,0,32,0,17,4,1,45,0,0,0,0,0,17,1,0,0,0,41,35,0,0,0,0,0,6,1,0,27,0,9,12,0,0,0,0,32,0,0,0,0,8,0,0,1,0,26,5,0,0,0,0,0,4,18,0,28,2,0,0,0,0,0,0,0,0,0,0,0,0,1,0,0,12,0,43,0,0,0,0,0,31,26,1,8,2,0,0,18,0,0,4,0,0,0,6,0,0,3,35,8,0,37,0,3
0,0,0,0,0,0,0,23,8,5,0,1,13,0,12,0,0,0,0,0,0,15,28,0,0,0,0,0,6,29,0,0,0,2,0,35,56,0,0,0,0,0,0,0,0,0,0,36,0,0,0,0,17,0,0,6,0,24,3,0,55,0,16,18,2,0,20,0,0,20,0,14,14,28,0,0,7,9,0,0,12,22,0,3,0,0,0,0,0,17,82,24,13,18,21,24,0,0,1,10,0,0,9,0,0,0,23,12,6,1,0,0,0,0,0,0,0,32,0,0,0,0,18,0,6,0,0,27,0,0,1,0,0,0,0,15,4,5,0,0,15,0,16,0,0,5,29,49,0,30,0,0,0,26,32,20,0,8,36,0,0,0
0,0,0,0,0,0,0,0,15,6,30,19,19,0,0,0,9,0,0,0,0,43,23,0,0,22,4,0,0,0,28,20,0,0,0,16,0,0,12,0,0,0,0,0,0,0,0,0,5,0,0,0,9,12,0,0,0,0,0,0,0,50,14,0,0,0,25,0,12,16,38,0,24,0,13,0,15,9,0,37,0,0,21,4,21,0,0,0,0,0,19,0,0,0,0,0,0,0,0,4,0,9,0,0,0,23,0,0,11,11,0,0,0,0,5,0,13,0,0,0,0,0,6,3,0,0,0,10,0,8,0,0,24,39,0,0,24,0,0,0,0,1,19,0,0,0,0,23,0,0,0,6,38,2,8,14,54,30,56,0,0,0
0,0,0,0,0,0,0,4,10,13,0,8,7,6,0,15,4,0,0,12,8,0,0,0,0,16,17,2,0,0,7,6,19,2,0,0,9,0,0,0,0,0,0,6,0,0,0,0,15,35,0,0,8,0,0,0,0,18,22,6,2,0,0,0,0,16,7,0,0,4,0,0,21,0,5,26,7,0,0,42,0,0,13,4,0,0,36,15,11,30,0,0,28,0,0,25,0,14,8,11,1,0,35,0,0,7,0,16,0,0,0,0,0,0,14,0,12,0,0,10,0,0,0,0,0,12,0,0,0,0,11,0,22,0,25,0,0,0,6,25,52,0,0,0,3,11,15,7,0,0,0,0,8,0,26,18,26,56,9,0,0,0
0,0,0,0,0,0,0,0,0,40,11,15,20,0,0,0,13,0,13,24,0,0,3,0,6,0,0,45,0,0,0,3,0,0,0,0,12,6,16,0,0,6,0,0,0,0,0,0,0,0,0,4,31,0,0,38,0,1,2,0,0,0,6,16,0,7,0,0,4,4,22,0,0,14,57,1,26,16,11,8,0,15,1,5,0,0,28,14,0,41,14,4,0,0,0,83,7,0,0,12,0,22,5,19,0,0,0,0,2,0,0,10,0,13,22,0,0,0,0,0,0,1,0,12,0,13,0,0,0,29,0,14,36,22,0,0,0,1,0,0,13,17,4,0,0,0,0,0,0,0,0,3,0,15,0,17,5,51,0,0,0,0
0,0,0,0,0,0,0,0,0,55,13,42,7,0,0,30,0,16,16,10,10,0,0,5,0,0,10,31,22,11,19,2,0,0,13,1,1,1,0,27,0,0,0,0,0,0,0,0,0,0,0,0,1,0,12,0,9,39,0,0,0,7,0,0,7,0,0,0,0,8,43,0,25,0,0,3,11,13,7,24,12,0,0,0,0,32,0,29,0,0,15,0,0,12,0,31,0,3,0,0,9,0,30,15,9,0,0,0,0,0,21,10,1,0,0,0,0,13,0,0,25,0,0,8,0,0,22,0,0,0,0,16,17,0,0,14,5,11,10,0,0,3,0,0,0,34,0,0,3,0,0,12,17,6,3,0,0,0,0,0,0,0
0,0,0,0,0,0,0,0,0,0,0,39,0,6,0,0,0,23,7,0,0,2,0,0,0,21,0,24,14,8,21,0,0,16,38,46,0,0,0,0,28,31,0,0,0,2,0,0,0,0,0,0,0,7,11,12,2,0,0,0,0,0,0,11,2,0,0,0,0,10,2,23,3,0,0,0,1,2,27,0,0,11,0,35,9,24,7,0,0,15,28,0,9,0,0,2,17,12,0,24,34,0,0,0,11,0,0,0,0,14,45,0,0,0,0,0,0,0,0,0,0,0,0,18,0,16,6,32,11,26,13,11,22,0,8,22,0,23,22,3,51,8,9,0,0,14,12,5,52,0,35,0,0,0,19,27,22,48,0,0,0,0
0,0,0,0,0,0,0,0,0,0,0,0,4,0,0,0,3,0,18,0,0,0,4,0,0,5,0,0,9,0,0,9,0,0,36,0,0,0,8,0,0,0,0,9,0,0,0,0,15,0,0,0,0,0,0,37,0,0,5,0,0,11,10,3,0,7,19,0,4,0,0,0,0,16,2,9,0,3,26,14,0,18,20,0,6,0,10,32,16,23,0,0,0,0,25,0,0,0,0,5,7,0,0,0,0,0,13,41,0,37,11,0,284,0,0,1,0,0,0,3,0,0,0,5,0,27,0,50,11,2,6,0,0,0,1,0,0,44,0,29,2,1,0,0,0,22,0,2,31,35,13,0,35,30,19,0,0,75,8,0,0,0
0,0,0,0,0,0,0,0,0,0,0,10,11,17,0,10,0,0,0,23,0,17,16,17,2,28,0,9,59,26,22,4,39,0,32,26,0,0,2,0,0,1,9,0,26,0,0,0,4,31,0,0,0,0,0,0,0,23,16,0,0,0,0,0,0,0,0,11,8,29,0,17,0,0,0,0,3,0,8,4,15,0,2,18,8,0,0,18,0,0,0,0,0,3,35,57,0,0,0,0,15,0,0,0,0,0,1,47,0,0,0,0,0,0,0,0,0,34,23,0,14,0,0,0,0,9,31,29,0,13,0,0,28,0,0,11,0,10,0,17,16,20,0,10,0,0,4,0,25,27,0,0,0,1,41,8,0,36,0,0,0,0
2,0,0,0,0,0,0,0,0,0,0,0,0,0,0,20,0,26,0,13,0,0,3,35,22,3,0,0,3,10,14,1,17,0,45,33,0,3,28,0,1,0,23,0,0,0,0,0,4,26,26,0,0,0,13,0,0,0,2,18,40,8,5,0,0,3,0,0,14,0,10,0,30,0,0,20,40,0,0,11,5,1,16,30,0,11,0,25,17,23,0,0,0,0,39,27,0,35,36,0,0,1,0,14,0,56,27,8,0,0,0,0,17,0,0,43,17,10,12,9,0,0,18,13,27,34,0,15,0,0,0,18,0,0,38,19,0,28,0,11,0,0,0,0,14,22,29,12,8,5,15,2,0,52,0,0,6,17,0,0,0,0
0,0,0,0,0,0,0,0,0,0,0,0,45,0,0,0,0,0,9,16,1,0,2,0,13,24,0,0,0,14,0,0,0,0,0,0,10,0,0,0,0,3,0,0,0,0,0,0,16,0,14,0,10,0,16,0,0,0,0,0,4,3,12,8,0,26,30,11,50,7,6,36,5,43,18,0,0,0,0,0,6,4,11,0,37,17,0,10,35,30,35,0,0,5,12,0,0,42,58,17,6,21,0,24,0,18,0,0,10,4,5,8,44,0,0,0,0,13,0,0,0,0,10,18,37,0,10,21,16,0,22,0,9,0,6,9,3,12,4,0,8,38,5,16,20,32,0,20,0,11,4,11,0,3,15,15,52,15,0,0,0,0
0,0,0,0,0,0,0,0,0,0,0,0,28,21,0,0,0,0,5,17,36,0,0,3,0,0,2,15,23,3,22,8,0,3,0,0,0,28,0,0,0,0,2,3,0,9,11,0,13,12,20,28,6,8,18,0,0,1,4,16,0,16,11,6,6,0,0,14,11,2,14,11,14,0,16,21,85,5,0,2,22,6,0,46,4,0,8,17,0,4,0,21,2,4,13,1,20,0,32,0,18,0,33,0,11,0,26,0,3,14,0,8,0,0,18,12,1,0,0,0,0,10,0,3,13,8,0,0,35,20,10,0,0,0,8,0,21,0,0,0,0,1,0,15,3,28,0,0,0,0,16,0,0,0,7,0,43,0,0,0,0,0
0,0,0,0,0,0,0,0,0,0,0,0,23,8,0,0,0,11,0,0,0,9,12,15,14,0,0,0,14,18,0,41,0,5,0,1,0,5,0,12,0,0,0,0,10,18,27,5,5,16,21,9,0,0,0,19,0,0,0,0,7,0,0,5,0,0,0,0,0,0,5,21,3,10,57,0,13,0,14,16,0,23,0,5,0,0,0,0,0,0,0,0,22,0,0,0,0,13,5,0,0,0,1,0,36,0,0,0,7,21,0,3,6,0,0,14,7,9,0,0,0,39,0,3,9,14,10,4,4,0,33,27,24,0,3,19,0,17,0,0,20,0,0,3,0,0,0,0,0,0,0,0,16,0,27,17,65,0,0,0,0,0
0,0,0,0,0,0,0,0,0,0,0,0,0,0,0,0,25,0,0,2,0,0,0,10,0,18,15,0,0,14,24,0,11,20,22,6,33,9,8,27,45,14,51,0,6,23,0,10,0,0,0,0,31,0,0,6,3,0,12,0,0,3,0,0,17,11,19,19,7,19,36,0,0,39,4,5,11,0,18,30,39,8,22,0,0,0,0,9,22,1,30,11,0,31,47,0,1,27,3,13,0,38,0,29,0,0,0,8,0,0,0,0,0,14,0,0,0,0,17,49,16,0,26,12,0,0,2,7,0,0,0,0,0,8,0,0,4,0,14,0,13,0,0,0,0,25,2,8,15,37,0,0,0,0,0,37,75,0,0,0,0,0
0,0,0,0,0,0,0,0,0,0,0,0,5,10,0,11,0,0,0,10,0,0,0,3,13,8,0,0,0,18,0,0,0,1,0,22,22,5,22,21,50,0,0,0,0,10,0,0,0,0,11,27,4,0,0,1,10,2,19,5,14,0,0,0,0,16,0,26,0,2,0,0,0,0,24,6,0,5,15,25,25,3,38,13,0,19,56,6,0,17,15,32,18,3,0,0,39,8,0,7,0,0,0,0,5,3,14,0,0,0,0,8,0,0,0,3,4,18,14,18,4,15,13,0,9,22,20,6,0,0,0,12,0,26,0,0,0,23,4,5,13,0,0,6,0,0,24,30,0,8,0,0,1,0,18,10,0,0,0,0,0,0
0,0,0,0,0,0,0,0,0,0,0,0,0,7,0,0,0,0,0,0,8,0,0,0,1,5,0,2,10,15,0,19,0,0,36,0,0,39,0,11,30,32,0,0,18,0,0,2,3,0,20,33,0,8,0,0,0,2,6,0,28,4,0,0,24,16,0,0,0,16,3,10,16,15,17,0,0,7,0,0,9,21,0,12,0,5,0,0,0,0,14,26,2,0,12,4,0,0,0,0,5,22,0,0,8,0,0,28,7,0,2,12,0,12,0,47,0,0,8,0,0,0,35,17,11,21,18,9,29,31,11,0,0,21,10,1,32,0,0,14,0,55,63,7,0,0,3,5,21,2,10,12,6,0,15,80,0,0,0,0,0,0
0,0,0,0,0,0,0,0,0,0,0,0,4,57,0,26,0,0,0,0,3,0,0,0,0,9,0,8,7,0,6,0,0,58,0,0,0,0,0,0,38,0,0,0,12,17,0,0,0,35,7,0,0,0,0,0,0,10,0,9,0,0,6,22,11,6,11,0,0,1,15,0,0,0,7,0,0,7,29,5,0,0,0,0,0,5,26,0,0,29,0,0,2,0,0,13,0,0,0,8,1,0,0,0,20,3,0,0,5,0,0,37,11,6,8,4,63,15,41,0,0,24,0,4,0,0,22,7,0,8,0,5,9,38,0,4,0,13,37,0,0,0,17,0,0,0,0,0,0,0,0,6,0,47,34,16,0,0,0,0,0,0
0,0,0,0,0,0,0,0,0,0,0,0,0,19,13,0,1,0,0,0,38,0,0,0,0,0,0,0,0,6,0,0,9,34,15,2,0,0,0,0,25,9,10,0,8,0,16,10,5,34,58,0,23,17,0,0,0,0,0,1,0,4,0,0,16,0,0,0,4,3,11,18,1,23,0,0,9,19,0,0,0,0,0,15,0,3,0,27,0,3,26,0,0,3,14,12,1,16,15,0,17,0,0,0,0,0,0,0,0,0,0,0,0,13,9,0,0,18,1,0,0,0,17,3,0,14,8,35,20,6,41,22,22,0,13,0,4,16,0,0,0,4,0,14,1,12,0,0,0,0,0,0,0,39,35,0,0,0,0,0,0,0
0,0,0,0,0,0,0,0,0,0,0,0,0,0,14,28,12,8,0,0,0,2,0,0,0,0,0,11,7,13,11,0,40,0,0,0,0,0,0,0,0,37,0,23,6,0,6,0,0,19,0,7,3,0,0,22,11,0,0,44,0,0,0,0,0,0,0,0,0,12,14,16,13,14,1,8,0,0,0,0,0,0,0,0,0,1,0,0,4,0,0,0,17,0,0,31,0,22,15,0,8,0,0,0,0,0,0,0,52,0,30,25,8,14,0,0,10,0,0,0,20,0,8,0,0,0,0,11,0,0,23,0,9,2,0,0,0,0,0,0,0,0,0,14,18,0,9,5,1,0,2,1,31,3,6,0,0,0,0,0,0,0
0,0,0,0,0,0,0,0,0,0,0,0,0,0,30,33,0,0,0,0,0,0,0,0,0,4,0,18,0,0,0,0,3,0,0,2,23,0,20,0,0,0,0,0,10,0,0,1,5,4,0,40,0,18,0,20,0,2,5,5,0,0,0,12,0,0,0,0,0,0,0,0,0,0,15,32,0,10,4,3,52,17,0,0,0,0,30,0,10,0,0,0,11,2,2,0,0,0,0,0,0,15,11,10,0,0,0,0,20,24,15,30,0,0,38,12,17,1,52,0,25,0,23,0,0,1,4,0,0,0,0,0,0,27,0,8,0,0,0,0,8,0,0,0,0,4,0,0,0,0,6,0,8,37,0,0,0,0,0,0,0,0
0,0,0,0,0,0,0,0,0,0,0,0,0,0,0,8,0,1,0,0,20,0,13,0,0,0,0,2,1,0,0,33,8,3,8,0,0,14,0,0,0,22,0,0,0,0,0,4,0,32,11,5,12,20,36,0,9,0,0,17,0,0,0,0,11,0,0,0,16,0,0,0,0,6,39,7,0,23,0,0,10,0,0,0,0,0,0,18,17,0,7,9,0,17,29,16,0,0,23,17,0,3,0,0,33,17,2,21,0,4,0,0,0,8,10,0,0,0,0,31,0,0,0,0,14,11,15,0,0,1,0,18,16,16,0,20,5,0,14,1,0,30,0,0,48,0,14,0,0,14,26,0,30,0,0,0,0,0,0,0,0,0
0,0,0,0,0,0,0,0,0,0,0,0,0,0,0,20,11,0,7,0,25,0,0,0,0,9,0,0,0,0,16,0,0,0,34,0,11,13,0,9,39,11,0,0,11,6,0,15,13,0,0,51,30,21,5,0,0,15,0,0,0,0,5,0,0,12,0,15,11,0,3,0,0,0,24,1,7,19,25,0,0,0,0,0,0,0,0,0,0,32,7,13,0,0,2,11,0,0,0,13,0,22,0,0,10,18,2,5,0,18,0,34,41,12,13,0,26,0,0,18,0,0,19,5,0,41,12,17,0,13,0,2,0,0,3,0,1,18,0,19,0,0,21,1,0,11,0,18,9,26,0,13,0,0,0,0,0,0,0,0,0,0
0,0,0,0,0,0,0,0,0,0,0,0,0,0,0,4,0,11,0,0,4,4,17,0,0,0,0,6,0,20,14,0,0,0,0,15,20,0,0,0,0,0,0,0,0,0,0,0,38,23,0,0,0,4,0,50,47,0,8,3,0,5,0,0,14,14,0,0,15,25,0,7,0,11,16,0,23,12,7,0,32,11,0,12,0,0,10,9,0,0,21,0,29,28,0,16,6,9,43,21,12,0,0,0,0,7,15,20,13,0,0,27,2,0,0,19,0,0,0,0,0,0,0,0,26,7,8,17,26,0,0,0,0,9,0,21,0,1,0,0,0,0,0,20,12,0,0,0,0,6,58,33,0,0,0,0,0,0,0,0,0,0
0,0,0,0,0,0,0,0,0,0,0,0,0,0,0,0,6,0,0,25,0,28,0,0,0,0,0,25,0,47,7,0,0,0,18,0,0,27,17,0,0,12,0,0,0,17,0,10,9,0,4,0,0,0,0,16,12,45,26,62,21,0,0,0,0,11,42,3,0,13,0,0,0,0,14,0,0,0,0,14,8,7,62,64,15,7,5,25,0,3,0,15,25,44,12,6,0,0,0,22,0,9,0,2,0,3,10,3,26,0,0,8,24,7,0,2,31,8,0,0,0,10,0,0,21,19,0,0,21,39,1,8,0,0,0,0,0,0,0,0,8,6,0,11,11,0,0,0,9,12,70,9,0,0,0,0,0,0,0,0,0,0
0,0,0,0,0,0,0,0,0,0,0,0,0,0,0,0,0,27,13,0,0,0,0,0,13,20,0,0,23,0,19,2,0,0,7,0,0,17,0,24,40,2,0,0,0,0,0,13,8,16,0,17,49,0,0,31,0,0,18,0,0,0,16,4,0,0,0,12,33,0,0,22,0,0,10,0,0,9,19,28,7,10,0,23,0,0,0,14,9,24,10,6,0,16,0,19,20,0,0,0,0,0,30,16,0,0,2,0,3,0,0,2,6,13,8,0,0,24,64,0,0,8,5,0,0,0,0,12,0,0,0,7,0,0,0,45,2,0,1,0,27,0,39,3,0,0,9,0,24,44,5,0,0,0,0,0,0,0,0,0,0,0
0,0,0,0,0,0,0,0,0,0,0,0,0,0,0,0,0,64,38,0,0,41,0,0,0,0,7,5,20,0,0,0,6,10,0,0,0,0,11,0,0,0,0,19,0,0,0,36,0,0,4,0,16,0,13,0,0,0,0,20,17,0,0,0,0,0,0,27,8,13,3,0,2,44,34,0,18,0,0,0,9,3,15,16,36,0,0,16,0,0,10,0,0,15,13,0,0,6,0,18,0,0,0,6,7,0,13,9,12,8,27,0,0,0,22,0,0,96,20,4,8,7,0,0,35,29,0,10,0,27,0,22,0,0,35,4,0,0,6,0,0,4,33,0,0,0,37,58,0,0,0,0,0,0,0,0,0,0,0,0,0,0
0,0,0,0,0,0,0,0,0,0,0,0,0,0,0,0,0,0,5,9,0,17,0,0,0,5,0,0,0,1,0,2,16,7,0,18,5,13,0,4,0,0,0,22,12,15,0,0,27,10,21,0,0,1,40,13,20,27,1,15,0,13,38,0,1,0,9,0,24,5,10,0,0,0,0,9,21,0,0,0,8,0,0,0,1,0,0,0,24,15,22,2,12,0,0,11,2,0,0,28,18,0,0,2,16,0,9,76,8,0,12,19,8,4,33,0,11,56,7,0,0,0,0,0,14,0,30,0,30,0,0,0,4,0,3,0,0,0,5,10,32,22,34,89,76,63,55,20,0,0,0,0,0,0,0,0,0,0,0,0,0,0
0,0,0,0,0,0,0,0,0,0,0,0,0,0,0,0,0,0,0,18,0,0,0,0,12,0,24,1,0,16,0,0,0,0,20,21,7,0,0,0,0,19,0,32,16,0,0,20,0,0,0,14,4,9,0,0,0,0,13,0,0,0,0,0,3,0,9,9,13,0,7,0,28,24,0,0,0,0,0,21,4,0,0,32,0,0,0,17,13,0,0,3,0,7,0,14,19,8,10,0,3,11,36,3,17,3,0,0,0,0,19,8,0,27,47,5,0,0,0,10,0,0,7,0,1,24,17,0,6,8,7,33,0,28,6,0,22,0,0,9,79,40,52,9,0,0,0,0,0,0,0,0,0,0,0,0,0,0,0,0,0,0
0,0,0,0,0,0,0,0,0,0,0,0,0,0,0,0,0,0,0,0,15,7,0,0,0,19,13,0,31,0,0,0,7,23,9,0,1,1,14,26,0,0,0,0,26,8,0,0,23,0,0,6,12,0,0,3,11,19,28,5,0,0,0,0,33,24,45,0,0,0,0,0,0,15,5,51,0,0,13,0,11,0,0,0,0,4,0,0,0,0,27,12,0,0,0,0,0,5,0,0,0,0,0,26,5,0,0,0,0,14,0,0,0,0,0,33,11,0,46,2,12,0,0,10,29,0,20,0,20,6,12,35,0,0,2,0,0,23,39,95,63,35,1,0,0,0,0,0,0,0,0,0,0,0,0,0,0,0,0,0,0,0
0,0,0,0,0,0,0,0,0,0,0,0,0,0,0,0,0,0,0,0,0,0,34,24,13,0,5,0,0,2,7,2,0,14,45,0,17,0,0,2,3,0,0,0,0,7,0,3,0,18,16,0,17,0,0,5,18,0,17,8,0,0,0,0,0,6,17,15,35,10,0,0,0,0,9,5,0,3,0,0,25,36,0,12,0,0,22,16,0,2,3,0,0,12,0,0,0,6,0,0,0,0,33,0,0,0,0,0,0,28,3,0,0,0,0,3,0,20,6,0,20,0,0,0,0,0,26,0,3,0,10,6,34,27,33,20,8,54,99,11,0,0,0,0,0,0,0,0,0,0,0,0,0,0,0,0,0,0,0,0,0,0
0,0,0,0,0,0,0,0,0,0,0,0,0,0,0,0,0,0,0,0,0,0,0,0,47,29,0,4,13,0,22,13,7,9,0,19,0,7,1,10,26,0,12,12,16,41,0,24,0,7,0,12,0,19,0,0,0,14,10,24,2,0,0,0,0,0,23,0,0,28,0,0,0,9,17,17,0,44,0,27,0,11,0,28,4,0,0,1,10,17,3,0,0,10,11,0,3,0,12,0,14,11,0,0,0,0,0,0,7,11,14,25,5,15,0,54,14,43,37,1,43,54,27,6,32,67,18,24,63,39,72,3,49,26,23,47,72,74,18,0,0,0,0,0,0,0,0,0,0,0,0,0,0,0,0,0,0,0,0,0,0,0
0,0,0,0,0,0,0,0,0,0,0,0,0,0,0,0,0,0,0,0,0,0,0,0,0,0,0,8,0,10,0,0,0,0,0,46,0,0,8,0,31,0,10,28,0,21,0,1,3,25,0,10,19,0,21,0,33,0,0,21,22,0,0,0,0,0,0,0,0,1,5,38,15,58,23,0,31,0,27,0,0,0,19,3,6,32,0,14,24,13,3,18,29,0,16,27,20,32,6,22,0,0,0,0,0,0,0,0,0,7,13,26,15,35,10,18,25,45,19,0,31,27,85,12,66,46,45,39,73,116,122,66,57,43,0,18,23,0,0,0,0,0,0,0,0,0,0,0,0,0,0,0,0,0,0,0,0,0,0,0,0,0
0,0,0,0,0,0,0,0,0,0,0,0,0,0,0,0,0,0,0,0,0,0,0,0,0,0,10,31,0,0,0,0,26,0,21,13,4,17,40,47,3,0,0,5,0,23,3,3,30,0,18,49,0,0,4,2,6,0,26,41,27,6,0,0,0,0,0,0,0,0,0,0,0,14,10,0,4,0,18,21,0,3,9,46,0,13,0,19,2,10,14,0,6,6,34,34,4,10,0,0,0,0,0,18,0,0,0,0,91,0,15,80,18,10,39,65,25,79,84,36,37,68,53,77,31,2,28,5,0,0,0,0,0,0,0,0,0,0,0,0,0,0,0,0,0,0,0,0,0,0,0,0,0,0,0,0,0,0,0,0,0,0
2,0,0,0,0,0,0,0,0,0,0,0,0,0,0,0,0,0,0,0,0,0,0,0,0,0,0,0,7,0,7,41,38,0,0,4,36,25,4,13,18,16,18,29,5,0,0,0,38,0,28,0,0,11,38,0,0,0,27,147,24,18,0,3,0,0,18,0,0,0,0,0,0,6,5,19,9,32,34,15,15,0,0,22,25,76,4,0,27,21,0,35,20,3,19,19,2,20,0,33,0,0,0,43,151,108,0,15,34,0,7,59,19,48,14,0,48,11,1,0,0,0,0,0,0,0,0,0,0,0,0,0,0,0,0,0,0,0,0,0,0,0,0,0,0,0,0,0,0,0,0,0,0,0,0,0,0,0,0,0,0,0
0,0,0,0,0,0,0,0,0,0,0,0,0,0,0,0,0,0,0,0,0,0,0,0,0,0,0,0,0,0,1,22,23,0,0,0,22,7,4,31,31,27,64,8,31,0,23,35,13,23,20,0,42,9,2,10,0,25,9,32,1,0,0,7,0,0,0,0,0,0,0,6,0,0,0,20,20,18,1,44,13,0,9,51,0,0,44,12,256,34,0,7,24,50,36,52,53,2,26,20,45,27,32,89,95,102,90,71,20,1,8,13,0,0,0,0,0,0,0,0,0,0,0,0,0,0,0,0,0,0,0,0,0,0,0,0,0,0,0,0,0,0,0,0,0,0,0,0,0,0,0,0,0,0,0,0,0,0,0,0,0,0
0,0,0,0,0,0,0,0,0,0,0,0,0,0,0,0,0,0,0,0,0,0,0,0,0,0,0,0,0,0,31,5,0,13,53,22,94,29,38,81,60,50,72,32,99,49,45,236,191,21,49,35,2,19,4,29,0,0,24,29,0,0,0,2,0,18,32,0,0,0,5,11,0,24,8,0,0,0,6,45,0,0,9,27,12,0,8,0,15,37,20,24,1,32,9,9,0,0,11,0,0,0,0,0,0,0,0,0,0,0,0,0,0,0,0,0,0,0,0,0,0,0,0,0,0,0,0,0,0,0,0,0,0,0,0,0,0,0,0,0,0,0,0,0,0,0,0,0,0,0,0,0,0,0,0,0,0,0,0,0,0,0
0,0,0,0,0,0,0,0,0,0,0,0,0,0,0,0,0,0,0,0,0,0,0,0,0,0,0,0,0,0,0,0,0,0,1,0,68,10,14,32,24,44,57,27,59,77,74,55,74,48,62,27,51,8,31,28,0,0,24,0,0,25,0,49,24,131,70,70,34,7,1370,545,64,132,99,35,27,8,0,15,3,0,0,0,0,0,0,0,0,0,0,0,0,0,0,0,0,0,0,0,0,0,0,0,0,0,0,0,0,0,0,0,0,0,0,0,0,0,0,0,0,0,0,0,0,0,0,0,0,0,0,0,0,0,0,0,0,0,0,0,0,0,0,0,0,0,0,0,0,0,0,0,0,0,0,2,0,0,0,0,0,0
0,0,0,0,0,0,0,0,0,0,0,0,0,0,0,0,0,0,0,0,0,0,0,0,0,0,0,0,0,0,0,0,0,0,0,0,0,0,0,0,0,0,0,0,0,0,0,23,43,39,56,28,43,14,45,17,19,27,31,10,0,0,0,0,0,0,0,0,0,0,0,0,0,0,0,0,0,0,0,0,0,0,0,0,0,0,0,0,0,0,0,0,0,0,0,0,0,0,0,0,0,0,0,0,0,0,0,0,0,0,0,0,0,0,3,0,0,0,0,0,0,0,0,0,0,0,0,0,0,0,0,0,0,0,0,0,0,0,0,0,0,0,0,0,0,0,0,0,0,0,0,0,0,0,0,0,0,0,0,0,0,0
0,0,0,0,0,0,0,0,0,0,0,0,0,0,0,0,0,0,0,0,0,0,0,0,0,0,0,0,0,0,0,0,0,0,0,0,0,0,0,0,0,0,0,0,0,0,0,0,0,0,0,0,0,0,0,0,0,0,0,0,0,0,0,0,0,0,0,0,0,0,0,0,0,0,0,0,0,0,0,0,0,0,0,0,0,0,0,0,0,0,0,0,0,0,0,0,0,0,0,0,0,0,0,0,0,0,0,0,0,0,0,34,0,0,0,0,0,0,0,0,0,0,0,0,0,0,0,0,0,0,0,0,0,0,0,0,0,0,0,0,0,0,0,0,0,37,0,0,0,0,0,0,0,0,0,0,0,0,14,10,0,0
